0.000000 0.0000000 0.0000000 0.0000000 0.0000000 0.0000000 0.0000000 1.0000000
0.103873 -0.0019531 0.0007645 0.0037787 0.0010465 0.0091955 -0.0008972 0.9999568
0.207745 -0.0041506 0.0017192 0.0081019 0.0015592 0.0214815 -0.0021298 0.9997658
0.311874 -0.0068329 0.0018789 0.0130474 0.0010147 0.0371678 -0.0029052 0.9993043
0.624120 -0.0165927 0.0016427 0.0302928 -0.0009898 0.1019079 0.0004253 0.9947932
0.832496 -0.0209117 0.0015236 0.0404581 -0.0030923 0.1531880 0.0005131 0.9881921
1.144873 -0.0228757 0.0020561 0.0510026 -0.0106217 0.2326658 0.0096972 0.9724504
1.665128 -0.0546997 -0.0025971 0.0811925 -0.0212318 0.4009570 0.0203604 0.9156244
1.768997 -0.0515823 -0.0032783 0.0843348 -0.0218038 0.4279643 0.0219393 0.9032662
1.872875 -0.0460046 -0.0039154 0.0879575 -0.0230523 0.4539514 0.0224884 0.8904443
2.080499 -0.0261610 -0.0016675 0.1001498 -0.0255072 0.5032871 0.0200780 0.8635094
2.287894 -0.0050400 -0.0006009 0.1083997 -0.0274314 0.5431687 0.0203164 0.8389294
2.495127 0.0187545 0.0009143 0.1174087 -0.0275074 0.5785663 0.0186593 0.8149579
2.702273 0.0451189 0.0022653 0.1238436 -0.0235641 0.6062527 0.0187820 0.7947010
2.805874 0.0593717 0.0030011 0.1269497 -0.0220084 0.6169811 0.0185777 0.7864507
3.012876 0.0899455 0.0047590 0.1331630 -0.0205467 0.6314303 0.0191569 0.7749237
3.116499 0.1059806 0.0056794 0.1366283 -0.0205264 0.6362953 0.0198330 0.7709174
3.323750 0.1403071 0.0075984 0.1422798 -0.0227151 0.6446788 0.0203924 0.7638438
3.531001 0.1771235 0.0095506 0.1477641 -0.0247984 0.6523884 0.0211081 0.7571849
3.738395 0.2162233 0.0118538 0.1532449 -0.0257109 0.6605580 0.0220143 0.7500116
3.945774 0.2571126 0.0144702 0.1579804 -0.0288361 0.6688748 0.0233380 0.7424489
4.153250 0.2987702 0.0167406 0.1614137 -0.0317209 0.6782036 0.0250737 0.7337609
4.360751 0.3408654 0.0195434 0.1638453 -0.0314890 0.6887248 0.0244738 0.7239252
4.568398 0.3839509 0.0222428 0.1646630 -0.0313127 0.7021802 0.0226010 0.7109513
4.776128 0.4272286 0.0247002 0.1634112 -0.0331771 0.7218335 0.0195096 0.6909958
4.984148 0.4711557 0.0270978 0.1592320 -0.0338995 0.7449880 0.0178484 0.6659768
5.192023 0.5147559 0.0294446 0.1518843 -0.0332153 0.7667990 0.0155560 0.6408385
5.399752 0.5577368 0.0312339 0.1416028 -0.0299422 0.7872328 0.0129739 0.6157919
5.607400 0.6002289 0.0326329 0.1281931 -0.0216028 0.8062418 0.0123863 0.5910618
5.815003 0.6419611 0.0335678 0.1119369 -0.0134885 0.8231036 0.0129620 0.5675830
6.022375 0.6827736 0.0335521 0.0937110 -0.0019211 0.8380635 0.0063387 0.5455325
6.333503 0.7409682 0.0321899 0.0641706 0.0108135 0.8590065 -0.0117721 0.5117150
6.540880 0.7789207 0.0302002 0.0410116 0.0132229 0.8715625 -0.0116276 0.4899681
6.748254 0.8156892 0.0279769 0.0163657 0.0152895 0.8818542 -0.0040398 0.4712569
6.955504 0.8511027 0.0262080 -0.0090741 0.0174216 0.8884775 -0.0041147 0.4585709
7.162754 0.8853669 0.0242724 -0.0343253 0.0163987 0.8937255 -0.0075487 0.4482508
7.577401 0.9526566 0.0204959 -0.0872099 0.0195152 0.9016918 -0.0080601 0.4318635
7.784655 0.9874264 0.0187064 -0.1146480 0.0204806 0.9007883 -0.0086781 0.4336885
8.095633 1.0438330 0.0156922 -0.1577464 0.0184344 0.8955625 -0.0093326 0.4444557
8.303130 1.0834062 0.0135417 -0.1865821 0.0152286 0.8928005 -0.0107439 0.4500667
8.510755 1.1244729 0.0114963 -0.2162071 0.0115188 0.8925246 -0.0116040 0.4507023
8.718382 1.1666205 0.0093019 -0.2472584 0.0108238 0.8928451 -0.0111035 0.4500969
8.925883 1.2095704 0.0071569 -0.2788778 0.0103179 0.8929504 -0.0104918 0.4499145
9.133505 1.2535577 0.0048328 -0.3111073 0.0091020 0.8930292 -0.0105349 0.4497833
9.341007 1.2979430 0.0023523 -0.3438278 0.0084649 0.8928167 -0.0101274 0.4502268
9.548508 1.3422453 0.0002880 -0.3763433 0.0073544 0.8918923 -0.0086734 0.4521049
9.755883 1.3865514 -0.0018317 -0.4081734 0.0073019 0.8906918 -0.0073688 0.4544894
10.067270 1.4516859 -0.0052023 -0.4546671 0.0075437 0.8901389 -0.0086613 0.4555445
10.275010 1.4952582 -0.0074157 -0.4859193 0.0070075 0.8920950 -0.0114812 0.4516475
10.482760 1.5383996 -0.0097347 -0.5178763 0.0069938 0.8949822 -0.0082494 0.4459708
10.690390 1.5803430 -0.0119911 -0.5500150 0.0066405 0.8975441 -0.0092334 0.4407779
10.898010 1.6215310 -0.0140012 -0.5817256 0.0070048 0.9001814 -0.0113180 0.4353117
11.105390 1.6618576 -0.0163747 -0.6141400 0.0065956 0.9019359 -0.0111550 0.4316753
11.209130 1.6821840 -0.0172389 -0.6306372 0.0049456 0.9025829 -0.0073162 0.4304255
11.416630 1.7221705 -0.0190449 -0.6629584 0.0024903 0.9035912 -0.0013489 0.4283864
11.624010 1.7612541 -0.0202795 -0.6947734 0.0060909 0.9041978 -0.0065239 0.4270207
11.831510 1.7998931 -0.0218424 -0.7272598 0.0102925 0.9041981 -0.0049019 0.4269613
12.038930 1.8387423 -0.0232883 -0.7589886 0.0073660 0.9039201 -0.0018618 0.4276338
12.246380 1.8778179 -0.0244258 -0.7903317 0.0006474 0.9035259 -0.0011669 0.4285313
12.453880 1.9163841 -0.0251724 -0.8210117 -0.0016802 0.9026453 -0.0011841 0.4303802
12.661390 1.9547694 -0.0261754 -0.8521008 0.0021814 0.9003791 -0.0014174 0.4350985
12.765050 1.9740592 -0.0266498 -0.8672441 0.0045231 0.8983806 -0.0000329 0.4391945
12.868760 1.9933324 -0.0272066 -0.8821676 0.0076766 0.8963271 0.0017769 0.4433235
12.972400 2.0129387 -0.0277523 -0.8964609 0.0063562 0.8938280 0.0011493 0.4483635
13.179930 2.0528841 -0.0285330 -0.9248286 0.0047998 0.8878949 0.0031034 0.4600109
13.283680 2.0728452 -0.0289503 -0.9383113 0.0045029 0.8849642 0.0033121 0.4656254
13.387430 2.0929372 -0.0293205 -0.9513917 0.0044009 0.8819735 0.0040397 0.4712611
13.594890 2.1334157 -0.0301846 -0.9773327 0.0063472 0.8754179 0.0020901 0.4833207
13.698760 2.1534426 -0.0308317 -0.9894108 0.0099231 0.8723707 -0.0007133 0.4887438
13.906260 2.1949854 -0.0320641 -1.0134528 0.0094832 0.8657875 -0.0021831 0.5003172
14.113800 2.2363434 -0.0333034 -1.0358124 0.0064885 0.8599664 -0.0033821 0.5102982
14.217640 2.2573600 -0.0341609 -1.0466720 0.0062257 0.8580168 -0.0073165 0.5135317
14.425390 2.2994845 -0.0359420 -1.0681684 0.0057625 0.8554998 -0.0138083 0.5175869
14.529260 2.3201652 -0.0367260 -1.0786800 0.0044586 0.8544824 -0.0152344 0.5192378
14.736910 2.3627787 -0.0387889 -1.1000965 0.0025697 0.8514317 -0.0142605 0.5242653
14.840760 2.3835118 -0.0399220 -1.1100105 0.0018024 0.8500446 -0.0120913 0.5265689
15.048260 2.4263716 -0.0417670 -1.1301664 -0.0026176 0.8467605 -0.0139310 0.5317855
15.255760 2.4690292 -0.0436323 -1.1494128 -0.0033212 0.8429479 -0.0179745 0.5376846
15.567140 2.5340805 -0.0466757 -1.1777219 -0.0044035 0.8372760 -0.0161167 0.5465251
15.670890 2.5548072 -0.0473337 -1.1871980 -0.0047646 0.8350085 -0.0150281 0.5500112
15.878390 2.5984368 -0.0490149 -1.2048850 -0.0033559 0.8312298 -0.0181396 0.5556228
15.982160 2.6199586 -0.0499972 -1.2132660 -0.0037644 0.8293130 -0.0188730 0.5584528
16.189760 2.6620317 -0.0523503 -1.2300313 -0.0029384 0.8248715 -0.0166699 0.5650668
16.397260 2.7060664 -0.0542286 -1.2461723 -0.0013617 0.8208514 -0.0159874 0.5709164
16.604760 2.7497392 -0.0561726 -1.2615926 -0.0054219 0.8169469 -0.0182373 0.5763990
16.812390 2.7934806 -0.0579146 -1.2763116 -0.0032824 0.8144057 -0.0164735 0.5800527
17.123760 2.8593128 -0.0609582 -1.2984446 0.0011882 0.8097860 -0.0102580 0.5866345
17.331410 2.9037590 -0.0624785 -1.3128021 0.0015345 0.8069984 -0.0105904 0.5904567
17.642890 2.9697859 -0.0648327 -1.3327235 -0.0008094 0.8051506 -0.0127223 0.5929334
17.850540 3.0139143 -0.0663783 -1.3463877 -0.0036273 0.8044746 -0.0084638 0.5939156
18.058140 3.0574329 -0.0676524 -1.3595701 -0.0026421 0.8038275 -0.0094407 0.5947816
18.265770 3.0994940 -0.0690296 -1.3718114 -0.0028141 0.8038618 -0.0114601 0.5946990
18.473380 3.1423447 -0.0703638 -1.3847209 -0.0024904 0.8035401 -0.0110472 0.5951429
18.680990 3.1847444 -0.0717677 -1.3967984 -0.0049342 0.8033524 -0.0162731 0.5952612
18.784860 3.2060239 -0.0726856 -1.4029170 -0.0062525 0.8031648 -0.0187410 0.5954291
18.992370 3.2474940 -0.0743768 -1.4151093 -0.0037961 0.8029392 -0.0194996 0.5957297
19.096040 3.2684128 -0.0751827 -1.4211370 -0.0040198 0.8024873 -0.0207297 0.5962955
19.199890 3.2891605 -0.0761334 -1.4273114 -0.0014242 0.8022193 -0.0174340 0.5967731
19.303520 3.3097649 -0.0770361 -1.4338213 -0.0004565 0.8010457 -0.0141075 0.5984367
19.407390 3.3303714 -0.0780095 -1.4400184 -0.0006272 0.8004161 -0.0104721 0.5993530
19.511150 3.3510277 -0.0788167 -1.4458916 0.0000856 0.7993763 -0.0095717 0.6007544
19.614770 3.3709753 -0.0796829 -1.4516143 0.0024521 0.7977465 -0.0108658 0.6028901
19.822140 3.4118207 -0.0812960 -1.4623978 0.0039270 0.7932011 -0.0117440 0.6088338
19.925670 3.4325583 -0.0821341 -1.4674706 0.0031855 0.7904229 -0.0092658 0.6124831
20.132890 3.4731190 -0.0836067 -1.4769192 0.0066797 0.7825800 -0.0067733 0.6224773
20.340390 3.5141103 -0.0851252 -1.4855697 0.0075263 0.7735178 -0.0063530 0.6336980
20.444020 3.5341833 -0.0858933 -1.4891527 0.0083535 0.7691796 -0.0069106 0.6389407
20.651520 3.5739398 -0.0876713 -1.4949050 0.0101693 0.7606482 -0.0159852 0.6488878
20.859140 3.6130617 -0.0898245 -1.4999059 0.0114874 0.7516505 -0.0202160 0.6591517
20.962890 3.6328328 -0.0909440 -1.5019903 0.0087734 0.7477231 -0.0201648 0.6636464
21.170640 3.6717927 -0.0934116 -1.5053439 0.0075299 0.7411080 -0.0239339 0.6709169
21.274520 3.6910653 -0.0945354 -1.5068383 0.0088776 0.7388251 -0.0280126 0.6732562
21.482520 3.7298915 -0.0969835 -1.5099082 0.0064008 0.7377250 -0.0289336 0.6744506
21.586400 3.7493422 -0.0984163 -1.5116923 0.0047277 0.7382131 -0.0275452 0.6739883
21.690420 3.7687578 -0.0996505 -1.5135530 0.0043328 0.7392155 -0.0258429 0.6729590
21.794280 3.7879105 -0.1006220 -1.5154421 0.0052411 0.7401830 -0.0254516 0.6719031
21.898270 3.8070967 -0.1018840 -1.5174241 0.0057822 0.7413661 -0.0249584 0.6706116
22.106150 3.8450842 -0.1039983 -1.5214512 0.0047710 0.7447211 -0.0252233 0.6668820
22.210070 3.8640077 -0.1050563 -1.5235580 0.0036187 0.7466063 -0.0250811 0.6647833
22.417770 3.9014897 -0.1072323 -1.5282249 0.0029705 0.7503680 -0.0238529 0.6605831
22.521520 3.9200664 -0.1082671 -1.5305643 0.0027192 0.7521037 -0.0249747 0.6585658
22.729170 3.9571080 -0.1105671 -1.5354660 0.0037604 0.7542505 -0.0271297 0.6560152
22.936520 3.9938645 -0.1127334 -1.5408014 0.0059881 0.7545723 -0.0250904 0.6557097
23.143770 4.0301366 -0.1150365 -1.5454731 0.0062567 0.7509449 -0.0223240 0.6599578
23.351020 4.0654902 -0.1171334 -1.5493388 0.0088493 0.7424263 -0.0203533 0.6695600
23.558270 4.1006646 -0.1190126 -1.5516813 0.0046511 0.7316834 -0.0190560 0.6813623
23.765650 4.1356559 -0.1206239 -1.5528682 -0.0002707 0.7201989 -0.0137540 0.6936312
23.973020 4.1703706 -0.1218091 -1.5526370 -0.0053491 0.7082071 -0.0093164 0.7059230
24.180540 4.2039876 -0.1226705 -1.5512613 -0.0066286 0.6953819 -0.0077172 0.7185683
24.491650 4.2532463 -0.1234305 -1.5468795 -0.0120485 0.6778788 -0.0085346 0.7350254
24.595400 4.2694902 -0.1236852 -1.5453228 -0.0123679 0.6733653 -0.0062846 0.7391798
24.803110 4.3016834 -0.1241340 -1.5412846 -0.0121275 0.6655563 -0.0074035 0.7462124
25.010540 4.3330007 -0.1243558 -1.5366607 -0.0072190 0.6585555 -0.0146030 0.7523558
25.218040 4.3646178 -0.1249268 -1.5319252 -0.0032188 0.6528685 -0.0138892 0.7573371
25.425520 4.3968849 -0.1254141 -1.5260828 -0.0134284 0.6490926 -0.0101415 0.7605233
25.633210 4.4289727 -0.1257825 -1.5204965 -0.0155818 0.6481703 -0.0065493 0.7613078
25.840800 4.4606962 -0.1257317 -1.5152879 -0.0121955 0.6472268 -0.0051248 0.7621828
26.048150 4.4931951 -0.1257249 -1.5097506 -0.0155743 0.6453005 -0.0036827 0.7637612
26.255540 4.5254545 -0.1254770 -1.5035663 -0.0178620 0.6427130 -0.0008695 0.7658983
26.462800 4.5584693 -0.1250848 -1.4970695 -0.0187197 0.6371892 0.0019891 0.7704775
26.670290 4.5912137 -0.1248777 -1.4898341 -0.0185259 0.6287858 0.0022379 0.7773546
26.877670 4.6236153 -0.1243501 -1.4815876 -0.0168501 0.6193179 -0.0006352 0.7849592
27.085020 4.6566811 -0.1239095 -1.4727365 -0.0171667 0.6096620 0.0011931 0.7924747
27.292530 4.6897883 -0.1234317 -1.4627032 -0.0194918 0.6001480 0.0012092 0.7996505
27.396270 4.7065339 -0.1230669 -1.4572130 -0.0217984 0.5961365 0.0005987 0.8025869
27.603900 4.7407579 -0.1224805 -1.4459882 -0.0245998 0.5911353 0.0003108 0.8061972
27.811650 4.7754974 -0.1215910 -1.4346604 -0.0223891 0.5903876 0.0036165 0.8068011
27.915520 4.7930779 -0.1212333 -1.4291384 -0.0216731 0.5908715 0.0038796 0.8064652
28.123280 4.8291473 -0.1200812 -1.4181081 -0.0184866 0.5911446 0.0061874 0.8063300
28.330900 4.8661942 -0.1189853 -1.4066709 -0.0202925 0.5919967 0.0102171 0.8056201
28.538650 4.9029326 -0.1180400 -1.3951153 -0.0218585 0.5932941 0.0109172 0.8046150
28.849900 4.9583058 -0.1161463 -1.3781034 -0.0206096 0.5954264 0.0087728 0.8030975
29.057520 4.9951038 -0.1149606 -1.3669361 -0.0174766 0.5961406 0.0057063 0.8026695
29.264900 5.0324030 -0.1144037 -1.3555906 -0.0216137 0.5971864 0.0069173 0.8017814
29.472530 5.0697412 -0.1134806 -1.3444396 -0.0243607 0.6002660 0.0046010 0.7994161
29.680170 5.1071758 -0.1127231 -1.3340393 -0.0252098 0.6069712 0.0049774 0.7943082
29.887780 5.1441946 -0.1118327 -1.3248521 -0.0225706 0.6156622 0.0037378 0.7876780
30.095530 5.1818590 -0.1105867 -1.3163211 -0.0241129 0.6249809 0.0072528 0.7802339
30.199280 5.2008004 -0.1100927 -1.3126040 -0.0256515 0.6283813 0.0112182 0.7774015
30.406780 5.2384596 -0.1086974 -1.3046203 -0.0307832 0.6330432 0.0116124 0.7734170
30.510400 5.2577062 -0.1078878 -1.3007345 -0.0311771 0.6340604 0.0124471 0.7725545
30.717780 5.2957869 -0.1060734 -1.2929753 -0.0307746 0.6352611 0.0118491 0.7715931
30.925160 5.3334141 -0.1041184 -1.2852328 -0.0320150 0.6352872 0.0100211 0.7715470
31.132530 5.3713288 -0.1025273 -1.2777357 -0.0330869 0.6339750 0.0112690 0.7725632
31.340050 5.4096885 -0.1004572 -1.2697968 -0.0321614 0.6322411 0.0133322 0.7739890
31.547410 5.4486675 -0.0983392 -1.2610521 -0.0362452 0.6283870 0.0139700 0.7769305
31.754790 5.4872313 -0.0960589 -1.2523106 -0.0387061 0.6243932 0.0146813 0.7800124
31.962280 5.5253239 -0.0936720 -1.2428842 -0.0388198 0.6207756 0.0082975 0.7829826
32.169650 5.5641007 -0.0914665 -1.2330216 -0.0403964 0.6170381 0.0059363 0.7858734
32.377150 5.6024799 -0.0894544 -1.2229099 -0.0395206 0.6137758 0.0035818 0.7884824
32.584530 5.6417475 -0.0873686 -1.2122018 -0.0400980 0.6100442 0.0038924 0.7913426
32.791900 5.6804070 -0.0854016 -1.2014832 -0.0373050 0.6065551 0.0059887 0.7941431
32.999410 5.7190437 -0.0832307 -1.1900921 -0.0394393 0.6029127 0.0035999 0.7968236
33.206780 5.7577605 -0.0815039 -1.1786355 -0.0388311 0.5991484 0.0030133 0.7996901
33.414280 5.7961421 -0.0795732 -1.1666241 -0.0359619 0.5960212 -0.0029921 0.8021574
33.621780 5.8348064 -0.0775997 -1.1541642 -0.0436370 0.5937118 -0.0010654 0.8034930
33.829280 5.8739924 -0.0752307 -1.1419873 -0.0512163 0.5920899 0.0061154 0.8042195
33.933050 5.8935022 -0.0740664 -1.1358484 -0.0527575 0.5909762 0.0065077 0.8049357
34.140410 5.9319844 -0.0713238 -1.1235181 -0.0474707 0.5879500 0.0042393 0.8074920
34.347780 5.9707298 -0.0687211 -1.1105651 -0.0442602 0.5841715 0.0023996 0.8104190
34.555160 6.0091953 -0.0664183 -1.0971497 -0.0433044 0.5807464 0.0029572 0.8129265
34.762530 6.0476933 -0.0640028 -1.0834237 -0.0469091 0.5779596 0.0070836 0.8146853
34.970030 6.0866575 -0.0610340 -1.0694048 -0.0503084 0.5759608 0.0115176 0.8158466
35.281280 6.1452174 -0.0562515 -1.0481385 -0.0523761 0.5734269 0.0078716 0.8175429
35.488660 6.1835361 -0.0530623 -1.0337824 -0.0435592 0.5729021 0.0006379 0.8184652
35.696160 6.2226076 -0.0506416 -1.0192543 -0.0473630 0.5727761 0.0030087 0.8183369
35.903530 6.2614522 -0.0480384 -1.0049708 -0.0459852 0.5717081 0.0044388 0.8191553
36.110910 6.3004141 -0.0454356 -0.9905106 -0.0471810 0.5705108 0.0076189 0.8198984
36.318290 6.3392906 -0.0426412 -0.9756950 -0.0490090 0.5695272 0.0071109 0.8204793
36.525780 6.3780127 -0.0399593 -0.9611982 -0.0460906 0.5682578 0.0064644 0.8215333
36.733280 6.4168329 -0.0372145 -0.9461977 -0.0474871 0.5659741 0.0087508 0.8230078
36.940790 6.4556465 -0.0342153 -0.9308178 -0.0468403 0.5622864 0.0108445 0.8255437
37.148290 6.4938030 -0.0314112 -0.9150400 -0.0467152 0.5584393 0.0070634 0.8281989
37.459410 6.5514460 -0.0274311 -0.8908317 -0.0411913 0.5483041 0.0086179 0.8352195
37.666660 6.5893583 -0.0249159 -0.8737156 -0.0390131 0.5371986 0.0125231 0.8424600
37.874040 6.6266928 -0.0221153 -0.8549211 -0.0417106 0.5239545 0.0146702 0.8505979
38.081530 6.6632519 -0.0192131 -0.8348296 -0.0453148 0.5121027 0.0133196 0.8576247
38.289160 6.6992626 -0.0160736 -0.8139496 -0.0457229 0.5044399 0.0077398 0.8622006
38.497160 6.7354674 -0.0131962 -0.7924833 -0.0481521 0.5053644 0.0006409 0.8615612
38.705160 6.7726202 -0.0105986 -0.7718284 -0.0470665 0.5138258 -0.0060983 0.8565808
38.913290 6.8101578 -0.0082164 -0.7533307 -0.0453827 0.5244031 -0.0031022 0.8502542
39.121160 6.8477778 -0.0059522 -0.7353480 -0.0465032 0.5338684 -0.0031568 0.8442820
39.432660 6.9048653 -0.0025415 -0.7100980 -0.0426460 0.5460374 -0.0031830 0.8366686
39.640160 6.9428596 -0.0001970 -0.6937156 -0.0474055 0.5515088 -0.0042396 0.8328102
39.847560 6.9803782 0.0021109 -0.6778798 -0.0520505 0.5558980 -0.0020667 0.8296167
40.055040 7.0179110 0.0045612 -0.6620169 -0.0503741 0.5583138 -0.0087766 0.8280526
40.262420 7.0560760 0.0066492 -0.6463280 -0.0423443 0.5597377 -0.0148719 0.8274536
40.573540 7.1147428 0.0093184 -0.6225724 -0.0459726 0.5608252 -0.0133423 0.8265492
40.781040 7.1544123 0.0114129 -0.6068044 -0.0467752 0.5597100 -0.0104647 0.8273011
41.092170 7.2135854 0.0147002 -0.5821450 -0.0470404 0.5544493 -0.0103465 0.8308226
41.299420 7.2528625 0.0169779 -0.5647368 -0.0475777 0.5509866 -0.0130820 0.8330540
41.506790 7.2925568 0.0190698 -0.5476589 -0.0424632 0.5462948 -0.0122809 0.8364258
41.817920 7.3521519 0.0220588 -0.5196319 -0.0453254 0.5360288 -0.0113847 0.8429052
42.025300 7.3922129 0.0246801 -0.4996910 -0.0526956 0.5291554 -0.0108284 0.8468179
42.232670 7.4318609 0.0271948 -0.4795370 -0.0530686 0.5215619 -0.0107265 0.8514939
42.440040 7.4712844 0.0297934 -0.4584539 -0.0462525 0.5139738 -0.0145042 0.8564352
42.647420 7.5106921 0.0318502 -0.4370165 -0.0387017 0.5066869 -0.0123820 0.8611721
42.854790 7.5501804 0.0338220 -0.4146268 -0.0385846 0.4992692 -0.0051554 0.8655720
43.062290 7.5895357 0.0361382 -0.3911960 -0.0420262 0.4914520 0.0007448 0.8698898
43.269790 7.6287708 0.0388835 -0.3662801 -0.0447154 0.4843405 -0.0010130 0.8737355
43.477330 7.6676979 0.0417795 -0.3409033 -0.0473620 0.4784300 -0.0007286 0.8768472
43.684940 7.7064400 0.0447942 -0.3153238 -0.0442853 0.4736077 -0.0013156 0.8796209
43.892430 7.7452145 0.0475892 -0.2894127 -0.0424864 0.4682836 -0.0013777 0.8825551
44.099960 7.7839499 0.0505092 -0.2625217 -0.0480475 0.4633761 -0.0011541 0.8848575
44.411040 7.8409319 0.0548866 -0.2212346 -0.0435417 0.4561537 -0.0040578 0.8888259
44.618540 7.8791456 0.0576449 -0.1934991 -0.0413083 0.4512163 0.0005812 0.8914579
44.826160 7.9168301 0.0603357 -0.1656163 -0.0390747 0.4455910 0.0050232 0.8943694
45.033540 7.9540930 0.0629629 -0.1371398 -0.0396210 0.4403695 0.0081921 0.8969045
45.241040 7.9905581 0.0656587 -0.1082799 -0.0385520 0.4358356 0.0084815 0.8991602
45.344810 8.0085716 0.0670518 -0.0938330 -0.0392771 0.4333252 0.0069321 0.9003547
45.552290 8.0443697 0.0700071 -0.0645182 -0.0394608 0.4282044 0.0093449 0.9027716
45.656170 8.0618830 0.0714232 -0.0498924 -0.0376661 0.4261248 0.0094959 0.9038301
45.863670 8.0972567 0.0743139 -0.0203218 -0.0394421 0.4213296 0.0102441 0.9059916
46.071290 8.1321173 0.0772390 0.0098743 -0.0428070 0.4178196 0.0084428 0.9074817
46.175050 8.1496639 0.0789877 0.0249045 -0.0448838 0.4165986 0.0106570 0.9079193
46.382670 8.1838675 0.0818963 0.0550807 -0.0429944 0.4145015 0.0091278 0.9089866
46.590420 8.2181654 0.0849695 0.0850873 -0.0390248 0.4144747 0.0082921 0.9091859
46.798050 8.2530212 0.0880223 0.1153500 -0.0426726 0.4157885 0.0093674 0.9084114
47.109670 8.3057890 0.0926451 0.1605411 -0.0419316 0.4224667 0.0066125 0.9053839
47.317420 8.3413391 0.0957264 0.1900716 -0.0392488 0.4292608 0.0041756 0.9023177
47.525050 8.3778305 0.0980931 0.2190518 -0.0401143 0.4367493 0.0039731 0.8986796
47.732670 8.4153128 0.1012674 0.2479095 -0.0456950 0.4441273 0.0043637 0.8947871
47.940170 8.4531307 0.1046092 0.2761786 -0.0482042 0.4520472 0.0021467 0.8906880
48.251420 8.5112295 0.1092547 0.3176630 -0.0422018 0.4621818 0.0006510 0.8857802
48.458800 8.5508986 0.1121137 0.3447843 -0.0440213 0.4678383 0.0013974 0.8827160
48.769940 8.6107140 0.1168146 0.3850477 -0.0468273 0.4754826 0.0002494 0.8784779
48.977300 8.6518955 0.1200098 0.4116185 -0.0478875 0.4793462 -0.0015671 0.8763170
49.184670 8.6932802 0.1232171 0.4383199 -0.0481957 0.4834653 -0.0032283 0.8740298
49.392050 8.7349291 0.1264047 0.4643271 -0.0481476 0.4869967 -0.0028748 0.8720710
49.599420 8.7767458 0.1293814 0.4901183 -0.0497614 0.4902049 -0.0032735 0.8701794
49.806800 8.8186941 0.1325523 0.5152614 -0.0506868 0.4932838 -0.0042940 0.8683798
50.014170 8.8605509 0.1357490 0.5398505 -0.0490296 0.4958574 -0.0046047 0.8670065
50.221580 8.9029713 0.1389624 0.5646257 -0.0528438 0.4969037 0.0019925 0.8661929
50.428990 8.9452877 0.1427063 0.5895619 -0.0534714 0.4979644 0.0041557 0.8655374
50.532690 8.9663363 0.1444345 0.6016884 -0.0501100 0.4980992 0.0032743 0.8656648
50.740210 9.0087538 0.1476794 0.6262197 -0.0449918 0.4990523 0.0025994 0.8653992
50.843990 9.0300903 0.1491935 0.6385021 -0.0448870 0.4997043 0.0046766 0.8650196
50.947600 9.0515575 0.1508729 0.6507483 -0.0457075 0.5002454 0.0071583 0.8646468
51.051200 9.0729408 0.1525447 0.6627188 -0.0464940 0.5003841 0.0096163 0.8645008
51.154950 9.0943422 0.1541033 0.6750066 -0.0477909 0.5006867 0.0112670 0.8642349
51.258560 9.1157532 0.1560050 0.6873646 -0.0473823 0.5009946 0.0124628 0.8640625
51.362310 9.1367531 0.1578203 0.6993725 -0.0458594 0.5009887 0.0123178 0.8641502
51.569680 9.1786556 0.1612284 0.7233670 -0.0441212 0.5008084 0.0131404 0.8643330
51.673320 9.1995955 0.1629040 0.7353678 -0.0450734 0.5009126 0.0149724 0.8641937
51.880670 9.2412291 0.1664107 0.7592661 -0.0440836 0.5015059 0.0157325 0.8638871
52.088050 9.2826281 0.1697969 0.7829440 -0.0433258 0.5018561 0.0164769 0.8637082
52.295430 9.3245831 0.1734496 0.8068163 -0.0438681 0.5016834 0.0189014 0.8637315
52.502930 9.3660355 0.1769551 0.8303249 -0.0425297 0.5013659 0.0239799 0.8638567
52.606680 9.3866482 0.1787927 0.8418994 -0.0418394 0.5010632 0.0271597 0.8639719
52.710430 9.4071674 0.1807632 0.8533559 -0.0397682 0.5007439 0.0307689 0.8641338
52.917930 9.4476728 0.1844923 0.8764369 -0.0401091 0.4995832 0.0337284 0.8646793
53.125430 9.4875593 0.1884103 0.8994534 -0.0405159 0.4982289 0.0354625 0.8653721
53.229180 9.5073061 0.1903397 0.9110293 -0.0402160 0.4975893 0.0364004 0.8657151
53.436550 9.5458298 0.1941397 0.9336374 -0.0412190 0.4961754 0.0380193 0.8664095
53.644050 9.5834837 0.1979777 0.9563203 -0.0479001 0.4954200 0.0379805 0.8664999
53.851550 9.6190996 0.2022849 0.9781544 -0.0551925 0.4957794 0.0338044 0.8660334
54.162800 9.6707344 0.2086171 1.0094438 -0.0599322 0.4966592 0.0271516 0.8654482
54.370180 9.7035675 0.2125793 1.0289376 -0.0585110 0.4973364 0.0262438 0.8651845
54.681310 9.7507982 0.2183418 1.0563462 -0.0583464 0.4986283 0.0254017 0.8644769
54.785060 9.7659321 0.2201632 1.0650942 -0.0591339 0.5003937 0.0248590 0.8634184
55.096430 9.8102064 0.2253625 1.0900328 -0.0621072 0.5087433 0.0216377 0.8584024
55.304050 9.8392220 0.2286453 1.1057007 -0.0588720 0.5154729 0.0163138 0.8547255
55.511680 9.8694267 0.2320828 1.1210728 -0.0596455 0.5249753 0.0137804 0.8489131
55.822930 9.9163122 0.2373037 1.1431701 -0.0679247 0.5397953 0.0166675 0.8388858
56.030430 9.9483747 0.2413048 1.1568255 -0.0668130 0.5489847 0.0178329 0.8329669
56.237800 9.9807358 0.2449883 1.1695755 -0.0599888 0.5557947 0.0194872 0.8289233
56.445350 10.0137186 0.2488773 1.1820323 -0.0576361 0.5607340 0.0252640 0.8256011
56.652940 10.0480347 0.2532885 1.1950729 -0.0703157 0.5641602 0.0340105 0.8219625
56.860440 10.0824547 0.2583122 1.2080629 -0.0778120 0.5686334 0.0382304 0.8180097
57.068060 10.1169014 0.2637621 1.2204745 -0.0773983 0.5735320 0.0369386 0.8146816
57.275560 10.1520481 0.2695520 1.2323978 -0.0792956 0.5786829 0.0424440 0.8105780
57.483060 10.1872692 0.2753850 1.2435929 -0.0792001 0.5835105 0.0470971 0.8068610
57.586810 10.2045441 0.2783072 1.2490898 -0.0780936 0.5860533 0.0471819 0.8051191
57.690560 10.2218533 0.2811406 1.2543535 -0.0776908 0.5885204 0.0472585 0.8033521
57.794300 10.2391138 0.2840823 1.2596451 -0.0777785 0.5913221 0.0470000 0.8012987
58.001930 10.2730236 0.2896779 1.2696321 -0.0781742 0.5987436 0.0469510 0.7957327
58.209680 10.3065243 0.2951778 1.2784841 -0.0775635 0.6074157 0.0478378 0.7891397
58.417310 10.3394537 0.3004414 1.2863685 -0.0765466 0.6158104 0.0485750 0.7826613
58.624930 10.3713665 0.3054171 1.2933854 -0.0725632 0.6252410 0.0416103 0.7759361
58.832680 10.4035378 0.3101846 1.2996997 -0.0704939 0.6375608 0.0332936 0.7664452
59.040430 10.4361305 0.3144655 1.3041401 -0.0657893 0.6532437 0.0319843 0.7536057
59.248190 10.4684391 0.3181667 1.3069822 -0.0573671 0.6693484 0.0305381 0.7401009
59.455810 10.5017357 0.3216248 1.3085141 -0.0515540 0.6840836 0.0319947 0.7268757
59.766940 10.5537739 0.3272933 1.3094168 -0.0580509 0.7005551 0.0405708 0.7100750
59.974310 10.5889063 0.3314072 1.3093807 -0.0617576 0.7068275 0.0423578 0.7034107
60.181800 10.6242142 0.3361756 1.3089530 -0.0657253 0.7120997 0.0430983 0.6976652
60.389310 10.6594934 0.3404133 1.3083583 -0.0702968 0.7165632 0.0327604 0.6931971
60.596810 10.6945086 0.3445086 1.3071750 -0.0599751 0.7206026 0.0180055 0.6905147
60.804180 10.7309055 0.3481750 1.3059113 -0.0691280 0.7216540 0.0171529 0.6885802
61.011600 10.7667112 0.3514056 1.3046942 -0.0675680 0.7200573 0.0112991 0.6905248
61.218940 10.8013458 0.3542376 1.3038116 -0.0539544 0.7171279 -0.0061027 0.6948231
61.426430 10.8367538 0.3564509 1.3033409 -0.0616957 0.7143533 -0.0036167 0.6970509
61.633820 10.8710384 0.3583431 1.3028758 -0.0616871 0.7127987 -0.0012005 0.6986497
61.841310 10.9042692 0.3601982 1.3021295 -0.0530246 0.7107964 -0.0042965 0.7013832
62.152610 10.9526758 0.3622344 1.3016392 -0.0467825 0.7101721 -0.0065551 0.7024415
62.360060 10.9838715 0.3636523 1.3018175 -0.0464058 0.7111589 -0.0122234 0.7013916
62.671810 11.0294380 0.3646092 1.3006482 -0.0487942 0.7236214 -0.0187855 0.6882138
62.983690 11.0721226 0.3650509 1.2962478 -0.0448833 0.7424049 -0.0169207 0.6682321
63.295440 11.1104565 0.3653072 1.2903898 -0.0435201 0.7599217 -0.0171580 0.6483291
63.503190 11.1334238 0.3654161 1.2858336 -0.0440375 0.7721762 -0.0174719 0.6336398
64.022190 11.1793318 0.3644746 1.2735398 -0.0253080 0.7944524 -0.0292539 0.6060933
64.333310 11.2014933 0.3637387 1.2663574 -0.0183484 0.8020149 -0.0275140 0.5963877
64.748080 11.2258053 0.3625029 1.2589931 -0.0229369 0.8079362 -0.0263565 0.5882332
65.370060 11.2493153 0.3613723 1.2509863 -0.0174577 0.8097164 -0.0269535 0.5859420
65.992190 11.2694731 0.3606761 1.2448578 -0.0132861 0.8023387 -0.0220389 0.5963140
66.407070 11.2850561 0.3605191 1.2411704 -0.0167709 0.7947389 -0.0249607 0.6062059
66.718090 11.3003483 0.3601597 1.2383611 -0.0230153 0.7862687 -0.0254604 0.6169308
67.029070 11.3174200 0.3595514 1.2347314 -0.0185333 0.7744000 -0.0187716 0.6321461
67.340070 11.3363161 0.3592014 1.2323973 -0.0174276 0.7567085 -0.0162110 0.6533190
67.651080 11.3572044 0.3590705 1.2316266 -0.0189170 0.7343022 -0.0205811 0.6782469
67.962080 11.3807125 0.3589593 1.2322069 -0.0197271 0.7083458 -0.0213656 0.7052664
68.273070 11.4066725 0.3588389 1.2346559 -0.0200217 0.6802697 -0.0192158 0.7324364
68.584070 11.4354391 0.3588417 1.2396111 -0.0200757 0.6517887 -0.0183010 0.7579139
68.895320 11.4679976 0.3589417 1.2469616 -0.0197642 0.6277630 -0.0163519 0.7779817
69.206570 11.5040998 0.3589768 1.2569022 -0.0181696 0.6060559 -0.0132183 0.7951046
69.517690 11.5430326 0.3590903 1.2694876 -0.0151883 0.5837209 -0.0095435 0.8117563
69.829070 11.5848484 0.3593566 1.2857378 -0.0164212 0.5657010 -0.0103992 0.8243813
70.140570 11.6296759 0.3600093 1.3045101 -0.0197067 0.5545539 -0.0093610 0.8318617
70.451940 11.6779690 0.3607391 1.3253753 -0.0213601 0.5489312 -0.0103845 0.8355300
70.763330 11.7297258 0.3614334 1.3482463 -0.0196977 0.5449783 -0.0100543 0.8381584
71.074690 11.7832680 0.3621348 1.3726084 -0.0173261 0.5415649 -0.0103796 0.8404163
71.385950 11.8387918 0.3624182 1.3980112 -0.0146537 0.5387852 -0.0077175 0.8422804
71.697200 11.8963013 0.3627320 1.4250205 -0.0111775 0.5375113 -0.0104484 0.8431177
72.008470 11.9565344 0.3628253 1.4527445 -0.0146016 0.5365863 -0.0093508 0.8436673
72.319700 12.0189142 0.3631566 1.4817462 -0.0116777 0.5356140 -0.0071687 0.8443518
72.630950 12.0829754 0.3632094 1.5124197 -0.0109020 0.5346442 -0.0052934 0.8449904
72.942200 12.1504164 0.3632778 1.5447719 -0.0110695 0.5335675 -0.0067808 0.8456578
73.253450 12.2192898 0.3635255 1.5779326 -0.0131008 0.5350497 -0.0097394 0.8446628
73.461070 12.2651911 0.3634493 1.6003737 -0.0131421 0.5403012 -0.0146955 0.8412407
73.668820 12.3129711 0.3630390 1.6221771 -0.0144996 0.5500826 -0.0205770 0.8347308
73.876700 12.3631744 0.3629941 1.6426778 -0.0159958 0.5633311 -0.0224739 0.8257706
74.084450 12.4128666 0.3623184 1.6611185 -0.0186783 0.5777849 -0.0228987 0.8156540
74.292330 12.4627676 0.3615424 1.6776204 -0.0168792 0.5931844 -0.0266353 0.8044488
74.500110 12.5150051 0.3607647 1.6923678 -0.0171732 0.6101932 -0.0271938 0.7915996
74.707830 12.5665836 0.3596871 1.7046623 -0.0161291 0.6293157 -0.0284824 0.7764602
74.915450 12.6188879 0.3579226 1.7141430 -0.0131241 0.6497250 -0.0341834 0.7592869
75.019330 12.6452646 0.3566031 1.7180611 -0.0136543 0.6607190 -0.0383750 0.7495274
75.123330 12.6718559 0.3555258 1.7210605 -0.0108374 0.6723790 -0.0387867 0.7391107
75.227100 12.6985321 0.3539799 1.7231495 -0.0116917 0.6833133 -0.0415505 0.7288483
75.330950 12.7250023 0.3525307 1.7242985 -0.0090666 0.6938323 -0.0420850 0.7188487
75.538570 12.7784815 0.3490327 1.7243325 -0.0030701 0.7129069 -0.0436670 0.6998911
75.642200 12.8054056 0.3470400 1.7231250 -0.0017722 0.7210835 -0.0435962 0.6914729
75.849580 12.8601084 0.3429048 1.7195266 -0.0008171 0.7364842 -0.0451465 0.6749460
76.056950 12.9145403 0.3384426 1.7138186 0.0012083 0.7507935 -0.0463204 0.6589099
76.264200 12.9695005 0.3340679 1.7053434 0.0029764 0.7611160 -0.0421876 0.6472355
76.471330 13.0239601 0.3291978 1.6954663 0.0091772 0.7657698 -0.0411082 0.6417339
76.678580 13.0791016 0.3243663 1.6858330 0.0083225 0.7684096 -0.0423250 0.6385031
76.885860 13.1347332 0.3191382 1.6755674 0.0107200 0.7705349 -0.0438351 0.6357984
77.093250 13.1912060 0.3138518 1.6644106 0.0123589 0.7725138 -0.0438172 0.6333638
77.300580 13.2491474 0.3090199 1.6534350 0.0096809 0.7744858 -0.0417226 0.6311396
77.507830 13.3066978 0.3037171 1.6417854 0.0104430 0.7747464 -0.0447990 0.6305966
77.715200 13.3654928 0.2981274 1.6299872 0.0123072 0.7745404 -0.0452150 0.6307864
77.922710 13.4253130 0.2924348 1.6182959 0.0108556 0.7747202 -0.0467810 0.6304778
78.130080 13.4857521 0.2865539 1.6060901 0.0097349 0.7755476 -0.0470237 0.6294600
78.337450 13.5472622 0.2806842 1.5936425 0.0098825 0.7771835 -0.0472422 0.6274203
78.544830 13.6095953 0.2746714 1.5801265 0.0095638 0.7788144 -0.0478219 0.6253557
78.752330 13.6724987 0.2681400 1.5665073 0.0082589 0.7811848 -0.0475884 0.6224287
78.959710 13.7359228 0.2623590 1.5524123 0.0076533 0.7834117 -0.0479302 0.6196048
79.167080 13.7999496 0.2562356 1.5375946 0.0081121 0.7851620 -0.0484688 0.6173375
79.374460 13.8646116 0.2496380 1.5221512 0.0092500 0.7867386 -0.0483910 0.6153170
79.581950 13.9305658 0.2429442 1.5061936 0.0091189 0.7887278 -0.0486619 0.6127456
79.789450 13.9968443 0.2359203 1.4895453 0.0085722 0.7911481 -0.0485854 0.6096317
79.996970 14.0640135 0.2293196 1.4717603 0.0088379 0.7933930 -0.0489275 0.6066758
80.204330 14.1321096 0.2226276 1.4533064 0.0097699 0.7947738 -0.0491676 0.6048320
80.411710 14.2009888 0.2154853 1.4347014 0.0096855 0.7959097 -0.0491783 0.6033369
80.619080 14.2705498 0.2082402 1.4152439 0.0107407 0.7965446 -0.0491002 0.6024870
80.826440 14.3420153 0.2006977 1.3950262 0.0109300 0.7972186 -0.0478654 0.6016908
80.930080 14.3771620 0.1971116 1.3852212 0.0107478 0.7975398 -0.0485186 0.6012161
81.033840 14.4124775 0.1935179 1.3753321 0.0104311 0.7978844 -0.0485484 0.6007618
81.137500 14.4484234 0.1897252 1.3652380 0.0094649 0.7982956 -0.0479960 0.6002758
81.241210 14.4843731 0.1859741 1.3552601 0.0090530 0.7988329 -0.0469280 0.5996514
81.344940 14.5201550 0.1823345 1.3449590 0.0097073 0.7989884 -0.0466269 0.5994575
81.448590 14.5561457 0.1788648 1.3346457 0.0106789 0.7990004 -0.0473587 0.5993676
81.552330 14.5919485 0.1749854 1.3245804 0.0107213 0.7991430 -0.0475162 0.5991642
81.759710 14.6634178 0.1675400 1.3043623 0.0106485 0.7993095 -0.0472769 0.5989623
81.863460 14.6989660 0.1637948 1.2939935 0.0104729 0.7990218 -0.0479384 0.5992966
82.070830 14.7701244 0.1559887 1.2732370 0.0128098 0.7983838 -0.0479994 0.6000960
82.278210 14.8413448 0.1479415 1.2531495 0.0137952 0.7973190 -0.0454562 0.6016858
82.485710 14.9129715 0.1403580 1.2334969 0.0138941 0.7966481 -0.0446104 0.6026347
82.693080 14.9841862 0.1329845 1.2136757 0.0143803 0.7960739 -0.0444767 0.6033916
82.900600 15.0551252 0.1255701 1.1935129 0.0146211 0.7952610 -0.0442373 0.6044743
83.107850 15.1251898 0.1182584 1.1752613 0.0122163 0.7952819 -0.0458379 0.6043810
83.315210 15.1953039 0.1110775 1.1560490 0.0132028 0.7949249 -0.0433199 0.6050153
83.418960 15.2298670 0.1073018 1.1465189 0.0154745 0.7947239 -0.0407875 0.6054014
83.522590 15.2652073 0.1038911 1.1373434 0.0172752 0.7945245 -0.0411410 0.6055905
83.626210 15.3006096 0.0999478 1.1276782 0.0177073 0.7942825 -0.0423162 0.6058144
83.729960 15.3359737 0.0962197 1.1183777 0.0168668 0.7941687 -0.0432975 0.6059183
83.937350 15.4066191 0.0887092 1.0995538 0.0144677 0.7934546 -0.0436222 0.6068917
84.040960 15.4421968 0.0853581 1.0901093 0.0140447 0.7930998 -0.0444663 0.6073040
84.248350 15.5124550 0.0778962 1.0717690 0.0124063 0.7926847 -0.0451153 0.6078336
84.455710 15.5829096 0.0707047 1.0534124 0.0122284 0.7928489 -0.0450313 0.6076292
84.559380 15.6178579 0.0670586 1.0440097 0.0132358 0.7927044 -0.0446684 0.6078233
84.662980 15.6525373 0.0634205 1.0350413 0.0136284 0.7927682 -0.0437928 0.6077952
84.766730 15.6876669 0.0600501 1.0256104 0.0140675 0.7923402 -0.0427588 0.6084167
84.870340 15.7223434 0.0565884 1.0166187 0.0149674 0.7918168 -0.0433099 0.6090372
85.077720 15.7910643 0.0489712 0.9990625 0.0133578 0.7910560 -0.0460364 0.6098627
85.181330 15.8253927 0.0449872 0.9905291 0.0114270 0.7906142 -0.0463104 0.6104538
85.388710 15.8935690 0.0378163 0.9733539 0.0104072 0.7904696 -0.0441910 0.6108164
85.596110 15.9610920 0.0307947 0.9561799 0.0110380 0.7903685 -0.0430122 0.6110203
85.803450 16.0274296 0.0239663 0.9393752 0.0110258 0.7909577 -0.0430981 0.6102515
86.010840 16.0919762 0.0171331 0.9228194 0.0099892 0.7912993 -0.0435750 0.6097925
86.218210 16.1550102 0.0108677 0.9063487 0.0086971 0.7917864 -0.0422224 0.6092750
86.425590 16.2157269 0.0043138 0.8904672 0.0078584 0.7921817 -0.0413211 0.6088341
86.632980 16.2749271 -0.0018252 0.8749168 0.0104503 0.7923932 -0.0429230 0.6084089
86.840340 16.3310089 -0.0078043 0.8601384 0.0096953 0.7918307 -0.0404496 0.6093225
87.047710 16.3843861 -0.0132871 0.8465869 0.0083987 0.7907352 -0.0404720 0.6107613
87.254960 16.4332371 -0.0183350 0.8340223 0.0064619 0.7893444 -0.0376891 0.6127586
87.462460 16.4785519 -0.0227995 0.8230872 0.0062375 0.7888843 -0.0377402 0.6133500
87.669860 16.5199585 -0.0267535 0.8128123 0.0071802 0.7884022 -0.0388535 0.6138899
87.981210 16.5747490 -0.0321852 0.7994409 0.0034400 0.7921289 -0.0422640 0.6088790
88.397460 16.6346397 -0.0389935 0.7800922 0.0022682 0.8223775 -0.0477704 0.5669287
88.710100 16.6729813 -0.0436695 0.7607274 0.0050947 0.8587281 -0.0481452 0.5101395
88.918590 16.6960850 -0.0465355 0.7447867 0.0050065 0.8853424 -0.0475448 0.4624752
89.335590 16.7320347 -0.0528911 0.7076621 0.0098062 0.9365938 -0.0532296 0.3462116
89.647840 16.7506008 -0.0573342 0.6746893 0.0192324 0.9656743 -0.0542446 0.2532996
89.959740 16.7626305 -0.0622587 0.6386228 0.0236769 0.9856513 -0.0532852 0.1584036
90.167590 16.7666721 -0.0655036 0.6129987 0.0289219 0.9934397 -0.0584668 0.0939292
90.375470 16.7676945 -0.0688107 0.5861592 0.0301264 0.9971163 -0.0638800 0.0277655
90.583090 16.7648602 -0.0723271 0.5579089 0.0312906 0.9968483 -0.0622837 -0.0378836
90.790840 16.7582035 -0.0760816 0.5293353 0.0329150 0.9917217 -0.0659604 -0.1051375
90.998490 16.7471199 -0.0797294 0.5006261 0.0334820 0.9819639 -0.0709527 -0.1720220
91.102090 16.7399578 -0.0817906 0.4862804 0.0340963 0.9757565 -0.0721560 -0.2037897
91.205840 16.7319698 -0.0836961 0.4719768 0.0358628 0.9687732 -0.0725422 -0.2343714
91.412970 16.7119255 -0.0878361 0.4434929 0.0378057 0.9538890 -0.0735069 -0.2885540
91.620220 16.6890335 -0.0921011 0.4153247 0.0397226 0.9389796 -0.0765278 -0.3329908
91.827240 16.6625710 -0.0962636 0.3874941 0.0414903 0.9271343 -0.0765543 -0.3644723
92.034130 16.6338577 -0.1004620 0.3591871 0.0400227 0.9184431 -0.0709651 -0.3870715
92.241220 16.6032848 -0.1048268 0.3314033 0.0377755 0.9108242 -0.0666500 -0.4056232
92.448600 16.5707836 -0.1089257 0.3035941 0.0328983 0.9027077 -0.0601928 -0.4247510
92.655970 16.5363808 -0.1126144 0.2763586 0.0293344 0.8934661 -0.0529773 -0.4450295
92.863470 16.4999504 -0.1160390 0.2503877 0.0242662 0.8829082 -0.0423575 -0.4670011
93.070970 16.4617043 -0.1187742 0.2263393 0.0221173 0.8706489 -0.0377964 -0.4899518
93.278470 16.4218102 -0.1208862 0.2045026 -0.0243860 -0.8572311 0.0343536 0.5132056
93.485840 16.3799286 -0.1229397 0.1844616 -0.0296660 -0.8449119 0.0313364 0.5331621
93.693120 16.3368111 -0.1244428 0.1652784 -0.0315857 -0.8371911 0.0276987 0.5452946
93.900350 16.2925739 -0.1253010 0.1460519 -0.0320897 -0.8345779 0.0215120 0.5495337
94.107640 16.2477627 -0.1259002 0.1257262 -0.0262569 -0.8346377 0.0165995 0.5499227
94.522220 16.1560822 -0.1285438 0.0845337 -0.0204652 -0.8397710 0.0253344 0.5419630
94.729720 16.1087685 -0.1303605 0.0622869 -0.0181973 -0.8426204 0.0234331 0.5376900
94.833490 16.0850754 -0.1311952 0.0508938 -0.0147855 -0.8431931 0.0248224 0.5368338
95.040970 16.0367661 -0.1332393 0.0275989 -0.0120844 -0.8432598 0.0262073 0.5367310
95.144720 16.0124016 -0.1344042 0.0159693 -0.0119667 -0.8436341 0.0258170 0.5361640
95.248350 15.9874887 -0.1356060 0.0043864 -0.0137718 -0.8441818 0.0252443 0.5352851
95.352090 15.9626293 -0.1366465 -0.0073662 -0.0156796 -0.8446088 0.0249230 0.5345737
95.455870 15.9377365 -0.1377648 -0.0193200 -0.0162438 -0.8454381 0.0231746 0.5333230
95.559540 15.9129066 -0.1389689 -0.0313773 -0.0175483 -0.8462701 0.0232972 0.5319552
95.663110 15.8882513 -0.1400267 -0.0433683 -0.0183617 -0.8472726 0.0240043 0.5302978
95.766850 15.8637352 -0.1410885 -0.0555058 -0.0192459 -0.8483886 0.0240461 0.5284773
95.870470 15.8391037 -0.1421039 -0.0676689 -0.0212167 -0.8495577 0.0243786 0.5265048
95.974250 15.8146343 -0.1432419 -0.0799751 -0.0214278 -0.8508798 0.0250730 0.5243242
96.077860 15.7903833 -0.1442346 -0.0924215 -0.0200463 -0.8519765 0.0257737 0.5225611
96.181600 15.7662287 -0.1452490 -0.1049371 -0.0203497 -0.8527349 0.0265202 0.5212733
96.285350 15.7418041 -0.1463343 -0.1175566 -0.0212109 -0.8533487 0.0252677 0.5202957
96.492870 15.6939373 -0.1485060 -0.1425657 -0.0205281 -0.8542341 0.0252808 0.5188676
96.700350 15.6466103 -0.1506987 -0.1671944 -0.0209624 -0.8546367 0.0254614 0.5181780
96.907730 15.5998955 -0.1528007 -0.1917100 -0.0207277 -0.8547196 0.0230431 0.5181639
97.115100 15.5543404 -0.1548568 -0.2154469 -0.0213979 -0.8550991 0.0255419 0.5173927
97.322500 15.5098677 -0.1570196 -0.2391253 -0.0218534 -0.8560230 0.0256336 0.5158390
97.633720 15.4446507 -0.1599126 -0.2739954 -0.0226085 -0.8583172 0.0247056 0.5120255
97.841240 15.4035654 -0.1619852 -0.2969046 -0.0204897 -0.8595999 0.0250671 0.5099409
98.152470 15.3447037 -0.1652276 -0.3297524 -0.0197775 -0.8609269 0.0245180 0.5077525
98.463720 15.2910671 -0.1678192 -0.3600817 -0.0190929 -0.8619160 0.0232667 0.5061570
98.671230 15.2578449 -0.1695518 -0.3788428 -0.0205733 -0.8630539 0.0207323 0.5042667
98.982350 15.2139349 -0.1714695 -0.4045997 -0.0195240 -0.8644716 0.0198156 0.5019114
99.293480 15.1768990 -0.1735127 -0.4259644 -0.0215246 -0.8653134 0.0228158 0.5002489
99.811980 15.1295633 -0.1760226 -0.4535618 0.0222207 0.8661597 -0.0237317 -0.4987087
100.226700 15.1026917 -0.1775095 -0.4691939 0.0216758 0.8666340 -0.0241910 -0.4978861
100.641500 15.0822725 -0.1784413 -0.4809594 0.0208475 0.8667567 -0.0279978 -0.4975080
101.160000 15.0580025 -0.1797355 -0.4955597 0.0198918 0.8666767 -0.0283334 -0.4976675
101.471000 15.0434113 -0.1805434 -0.5040283 0.0207697 0.8667469 -0.0278648 -0.4975359
101.782100 15.0291834 -0.1809758 -0.5118451 0.0208937 0.8669633 -0.0282705 -0.4971306
102.093200 15.0162888 -0.1815008 -0.5194430 0.0216076 0.8669822 -0.0283366 -0.4970635
102.715600 14.9960785 -0.1830136 -0.5318604 0.0224527 0.8666627 -0.0297870 -0.4974982
103.026700 14.9859056 -0.1834233 -0.5380878 0.0207539 0.8668692 -0.0256871 -0.4974407
103.337900 14.9765663 -0.1840393 -0.5437479 0.0194909 0.8667921 -0.0274216 -0.4975336
103.649000 14.9670811 -0.1844303 -0.5494204 0.0190030 0.8668658 -0.0282618 -0.4973769
103.960100 14.9558506 -0.1851081 -0.5561271 0.0176120 0.8674070 -0.0320268 -0.4962553
104.271000 14.9395828 -0.1859304 -0.5661325 0.0153975 0.8695410 -0.0350214 -0.4923768
104.582000 14.9177589 -0.1869664 -0.5798993 0.0164116 0.8738282 -0.0387536 -0.4844101
104.893000 14.8911190 -0.1889923 -0.5978007 0.0183056 0.8804904 -0.0403646 -0.4719876
105.204100 14.8601980 -0.1911802 -0.6199951 0.0187423 0.8878350 -0.0397856 -0.4580555
105.515300 14.8252468 -0.1937187 -0.6463656 0.0231355 0.8943191 -0.0380489 -0.4452083
105.722600 14.8003445 -0.1953905 -0.6663446 0.0215248 0.8981391 -0.0340116 -0.4378654
105.930200 14.7739649 -0.1970179 -0.6879764 0.0193164 0.9005134 -0.0308632 -0.4333013
106.137900 14.7459660 -0.1987800 -0.7112246 0.0163555 0.9014117 -0.0274283 -0.4317837
106.345500 14.7164068 -0.2003996 -0.7355461 0.0167564 0.9023717 -0.0275904 -0.4297480
106.553000 14.6856461 -0.2021863 -0.7613978 0.0130295 0.9030325 -0.0304037 -0.4282967
106.864200 14.6373806 -0.2056485 -0.8017292 0.0126072 0.9038494 -0.0357784 -0.4261658
107.175500 14.5851316 -0.2097165 -0.8457136 0.0108205 0.9049935 -0.0310515 -0.4241527
107.486500 14.5306482 -0.2134689 -0.8922224 0.0132188 0.9069161 -0.0304485 -0.4200016
107.693900 14.4934654 -0.2161544 -0.9244704 0.0154603 0.9091918 -0.0302733 -0.4149877
107.901200 14.4558296 -0.2187826 -0.9576669 0.0183012 0.9113126 -0.0309696 -0.4101407
108.108700 14.4189081 -0.2217245 -0.9910545 0.0175643 0.9125453 -0.0334152 -0.4072296
108.316200 14.3821630 -0.2250451 -1.0246387 0.0138261 0.9126735 -0.0340356 -0.4070349
108.523700 14.3455420 -0.2284827 -1.0581436 0.0104248 0.9120641 -0.0329841 -0.4085858
108.731200 14.3082790 -0.2315693 -1.0911598 0.0125078 0.9112991 -0.0331264 -0.4102197
108.938900 14.2704134 -0.2348281 -1.1245379 0.0123843 0.9101604 -0.0339623 -0.4126757
109.146400 14.2326851 -0.2381378 -1.1573186 0.0125236 0.9091293 -0.0348374 -0.4148655
109.353900 14.1942072 -0.2416084 -1.1906786 0.0120939 0.9079206 -0.0344951 -0.4175453
109.665000 14.1358471 -0.2469078 -1.2401719 0.0119848 0.9063009 -0.0369512 -0.4208440
109.872400 14.0963459 -0.2502762 -1.2735376 0.0118917 0.9059284 -0.0371559 -0.4216299
110.079700 14.0570021 -0.2540807 -1.3071589 0.0115961 0.9058211 -0.0361273 -0.4219580
110.287200 14.0170345 -0.2576212 -1.3409686 0.0102643 0.9061565 -0.0370973 -0.4211875
110.494600 13.9769611 -0.2615558 -1.3750677 0.0115349 0.9067878 -0.0371316 -0.4197905
110.805600 13.9179211 -0.2673363 -1.4255924 0.0093909 0.9079199 -0.0399748 -0.4171275
111.012900 13.8783722 -0.2714791 -1.4600224 0.0099496 0.9091370 -0.0363304 -0.4147903
111.427600 13.8004608 -0.2791039 -1.5294523 0.0112486 0.9106257 -0.0379824 -0.4113291
111.635000 13.7622242 -0.2833334 -1.5631504 0.0117460 0.9114978 -0.0399785 -0.4091888
111.842400 13.7249765 -0.2875502 -1.5967607 0.0106969 0.9124552 -0.0400936 -0.4070671
112.049700 13.6876202 -0.2915810 -1.6305919 0.0115237 0.9131644 -0.0355228 -0.4058771
112.257100 13.6514034 -0.2953200 -1.6640000 0.0074893 0.9128149 -0.0363689 -0.4066818
112.360900 13.6333218 -0.2972291 -1.6804724 0.0068720 0.9124709 -0.0372919 -0.4073806
112.568200 13.5966845 -0.3012046 -1.7127857 0.0125517 0.9113269 -0.0401781 -0.4095260
112.672000 13.5785561 -0.3032306 -1.7285256 0.0135453 0.9109730 -0.0409883 -0.4102007
112.879400 13.5426388 -0.3070051 -1.7602186 0.0146777 0.9100216 -0.0419031 -0.4121764
112.983000 13.5250893 -0.3090279 -1.7756224 0.0135308 0.9095357 -0.0420685 -0.4132699
113.190500 13.4912548 -0.3132849 -1.8055501 0.0079382 0.9082778 -0.0467010 -0.4156772
113.294100 13.4748592 -0.3152262 -1.8198624 0.0060250 0.9076771 -0.0495902 -0.4166854
113.501500 13.4433441 -0.3196664 -1.8472481 0.0058325 0.9070683 -0.0482936 -0.4181635
113.709000 13.4134369 -0.3237036 -1.8726254 0.0093939 0.9066751 -0.0484651 -0.4189310
114.020100 13.3729115 -0.3294272 -1.9066153 0.0105412 0.9064127 -0.0546279 -0.4187132
114.435000 13.3262005 -0.3362386 -1.9467292 0.0097328 0.9065455 -0.0537916 -0.4185535
114.953800 13.2758379 -0.3438321 -1.9909487 0.0061865 0.9060584 -0.0527371 -0.4198079
115.472400 13.2303905 -0.3505654 -2.0293508 0.0071142 0.9054649 -0.0529692 -0.4210427
116.094600 13.1832294 -0.3574329 -2.0692654 0.0088350 0.9054189 -0.0565048 -0.4206492
116.405600 13.1628103 -0.3608916 -2.0861454 0.0108029 0.9059896 -0.0619924 -0.4185964
116.924200 13.1346169 -0.3652563 -2.1115365 0.0068461 0.9089026 -0.0624536 -0.4122484
117.235400 13.1215878 -0.3675535 -2.1232271 0.0074885 0.9103754 -0.0630668 -0.4088803
117.754000 13.1043558 -0.3707529 -2.1386375 0.0062661 0.9101430 -0.0662744 -0.4089110
118.065100 13.0963907 -0.3720575 -2.1457343 0.0055074 0.9102517 -0.0677344 -0.4084405
118.376300 13.0898647 -0.3733055 -2.1516700 0.0046085 0.9104327 -0.0681381 -0.4079808
118.791000 13.0827284 -0.3745748 -2.1581340 0.0042206 0.9107304 -0.0687752 -0.4072128
119.620700 13.0732899 -0.3763186 -2.1667948 0.0034235 0.9110845 -0.0703486 -0.4061581
120.139200 13.0700207 -0.3769668 -2.1697240 0.0031499 0.9112318 -0.0709089 -0.4057324
120.761400 13.0680151 -0.3773038 -2.1713648 0.0023340 0.9113260 -0.0719457 -0.4053435
121.798200 13.0617485 -0.3785735 -2.1773753 0.0022640 0.9112399 -0.0715054 -0.4056153
122.213100 13.0567741 -0.3795255 -2.1818686 0.0020862 0.9113516 -0.0715742 -0.4053529
122.628000 13.0500660 -0.3807144 -2.1878881 0.0023043 0.9113227 -0.0719717 -0.4053465
122.939000 13.0440025 -0.3819337 -2.1931872 0.0023365 0.9115012 -0.0711986 -0.4050812
123.250000 13.0374680 -0.3830990 -2.1989317 0.0023557 0.9114603 -0.0718781 -0.4050530
123.561000 13.0303993 -0.3844930 -2.2049870 0.0048050 0.9115289 -0.0725101 -0.4047644
123.975900 13.0218592 -0.3863015 -2.2128315 0.0058205 0.9113669 -0.0720876 -0.4051912
124.287000 13.0163469 -0.3872570 -2.2176504 0.0061349 0.9117489 -0.0716229 -0.4044086
