0.000000 0.0000000 0.0000000 0.0000000 0.0000000 0.0000000 0.0000000 1.0000000
0.103873 0.0001281 -0.0000455 0.0017793 0.0003461 0.0078567 -0.0008673 0.9999687
0.207745 0.0003829 -0.0000233 0.0036036 0.0001264 0.0184597 -0.0023450 0.9998268
0.519999 0.0021425 -0.0001443 0.0105698 -0.0028598 0.0678620 -0.0016870 0.9976892
0.624120 0.0031683 -0.0001493 0.0131653 -0.0029493 0.0876275 -0.0002378 0.9961489
0.832496 0.0055539 -0.0000967 0.0189019 -0.0050314 0.1342182 -0.0008994 0.9909386
1.040770 0.0091878 -0.0001896 0.0250714 -0.0117412 0.1832052 0.0042652 0.9829953
1.248998 0.0137325 -0.0001032 0.0315130 -0.0153168 0.2381780 0.0062570 0.9710805
1.561124 0.0230061 0.0001386 0.0413753 -0.0201753 0.3237291 0.0097314 0.9458846
1.768997 0.0309288 0.0004443 0.0478528 -0.0207611 0.3789808 0.0123415 0.9250893
1.872875 0.0355624 0.0006826 0.0512152 -0.0210751 0.4056398 0.0125746 0.9137035
1.976766 0.0405679 0.0009359 0.0546204 -0.0227279 0.4310497 0.0112579 0.9019716
2.184123 0.0519439 0.0014623 0.0613090 -0.0241459 0.4761417 0.0105044 0.8789743
2.391499 0.0652719 0.0020498 0.0678629 -0.0254604 0.5144032 0.0099454 0.8571128
2.598751 0.0805859 0.0027614 0.0739578 -0.0228537 0.5471516 0.0095442 0.8366670
2.702273 0.0889185 0.0031663 0.0768522 -0.0204796 0.5603885 0.0097615 0.8279191
2.909375 0.1068504 0.0039425 0.0828091 -0.0177165 0.5804212 0.0098343 0.8140643
3.012876 0.1165880 0.0043422 0.0858261 -0.0171581 0.5865673 0.0104209 0.8096517
3.220123 0.1370147 0.0050526 0.0917525 -0.0183870 0.5957431 0.0115346 0.8028817
3.427371 0.1591842 0.0060485 0.0981878 -0.0203257 0.6044008 0.0118454 0.7963330
3.634758 0.1826810 0.0069127 0.1043633 -0.0220030 0.6128490 0.0126047 0.7897931
3.842137 0.2075345 0.0080358 0.1101366 -0.0237227 0.6210306 0.0135883 0.7833094
4.049501 0.2331738 0.0091509 0.1157678 -0.0272290 0.6304554 0.0153952 0.7755950
4.153250 0.2463119 0.0097458 0.1182258 -0.0281097 0.6354466 0.0160694 0.7714657
4.360751 0.2725645 0.0109232 0.1228025 -0.0283072 0.6465651 0.0152469 0.7621809
4.568398 0.2991076 0.0120740 0.1264041 -0.0279145 0.6607331 0.0135719 0.7499789
4.776128 0.3260911 0.0131981 0.1287329 -0.0293334 0.6815385 0.0105084 0.7311187
4.984148 0.3535799 0.0141996 0.1291855 -0.0297467 0.7060102 0.0089778 0.7075197
5.192023 0.3811795 0.0151633 0.1276774 -0.0285078 0.7291970 0.0070225 0.6836737
5.399752 0.4087353 0.0158663 0.1244158 -0.0253406 0.7511218 0.0044520 0.6596621
5.607400 0.4360593 0.0162891 0.1190152 -0.0166766 0.7713659 0.0046550 0.6361563
5.815003 0.4632102 0.0165034 0.1118688 -0.0081505 0.7894349 0.0058628 0.6137522
5.918752 0.4765272 0.0163730 0.1080002 -0.0030040 0.7977198 0.0041404 0.6030065
6.229773 0.5161080 0.0154772 0.0943430 0.0123987 0.8209980 -0.0148305 0.5706038
6.437129 0.5416920 0.0137193 0.0833495 0.0190713 0.8353277 -0.0185001 0.5491099
6.748254 0.5793148 0.0109083 0.0644156 0.0215067 0.8533614 -0.0092627 0.5207937
6.955504 0.6031385 0.0092060 0.0512757 0.0240370 0.8606740 -0.0088234 0.5085121
7.162754 0.6266209 0.0076561 0.0377200 0.0228982 0.8664995 -0.0125655 0.4984940
7.370130 0.6494123 0.0059606 0.0239307 0.0235392 0.8722585 -0.0116827 0.4883385
7.681003 0.6842721 0.0035516 0.0020788 0.0266295 0.8752791 -0.0141206 0.4826780
7.888275 0.7089417 0.0018202 -0.0130427 0.0262983 0.8726495 -0.0135677 0.4874497
8.095633 0.7344788 0.0001975 -0.0281419 0.0250313 0.8685396 -0.0143289 0.4947799
8.303130 0.7618120 -0.0016163 -0.0437747 0.0219038 0.8653917 -0.0160650 0.5003591
8.510755 0.7899759 -0.0035590 -0.0596430 0.0183705 0.8650942 -0.0168340 0.5009902
8.718382 0.8185497 -0.0054234 -0.0758715 0.0174191 0.8655294 -0.0166139 0.5002794
8.925883 0.8482148 -0.0074510 -0.0929197 0.0171621 0.8656003 -0.0157701 0.5001929
9.133505 0.8783137 -0.0094997 -0.1102251 0.0158855 0.8656530 -0.0159454 0.5001381
9.341007 0.9081653 -0.0114408 -0.1270854 0.0150593 0.8655583 -0.0160704 0.5003237
9.548508 0.9381216 -0.0135338 -0.1441696 0.0140899 0.8645530 -0.0140595 0.5021472
9.755883 0.9682990 -0.0151564 -0.1610378 0.0139195 0.8631946 -0.0131812 0.5045072
9.963509 0.9979623 -0.0170831 -0.1774822 0.0140801 0.8623214 -0.0135946 0.5059829
10.171130 1.0274845 -0.0191290 -0.1937468 0.0143324 0.8634922 -0.0162174 0.5038976
10.378880 1.0570400 -0.0212594 -0.2106438 0.0139560 0.8664033 -0.0157106 0.4989024
10.586510 1.0862837 -0.0233152 -0.2278742 0.0118917 0.8694872 -0.0144242 0.4936016
10.794130 1.1146548 -0.0251143 -0.2450850 0.0139156 0.8723952 -0.0159348 0.4883432
11.001750 1.1428404 -0.0271881 -0.2626307 0.0136468 0.8746836 -0.0176072 0.4841821
11.312890 1.1851023 -0.0298791 -0.2893062 0.0090506 0.8771336 -0.0088031 0.4800804
11.520390 1.2124776 -0.0311139 -0.3065073 0.0100993 0.8780757 -0.0103893 0.4783023
11.831510 1.2530704 -0.0336289 -0.3330230 0.0170023 0.8783729 -0.0104075 0.4775601
12.142640 1.2937258 -0.0356916 -0.3590194 0.0108204 0.8779641 -0.0060747 0.4785656
12.350150 1.3210298 -0.0368874 -0.3759989 0.0032669 0.8773873 -0.0086835 0.4796931
12.557630 1.3479888 -0.0380139 -0.3932097 0.0066401 0.8759730 -0.0071236 0.4822617
12.765050 1.3748806 -0.0390966 -0.4099122 0.0105527 0.8721257 -0.0062029 0.4891286
12.972400 1.4018282 -0.0403855 -0.4257503 0.0125912 0.8670547 -0.0047494 0.4980311
13.076170 1.4155561 -0.0409008 -0.4333807 0.0115076 0.8639423 -0.0046572 0.5034378
13.179930 1.4293883 -0.0414985 -0.4408229 0.0105780 0.8606856 -0.0028341 0.5090190
13.283680 1.4431813 -0.0419817 -0.4481264 0.0101615 0.8574044 -0.0029587 0.5145344
13.387430 1.4571682 -0.0424633 -0.4551094 0.0102364 0.8541065 -0.0021642 0.5199929
13.491130 1.4710709 -0.0429679 -0.4621468 0.0110871 0.8504052 -0.0020247 0.5260077
13.594890 1.4850485 -0.0436172 -0.4688489 0.0123924 0.8468092 -0.0038489 0.5317385
13.698760 1.4988939 -0.0442084 -0.4751934 0.0162480 0.8434475 -0.0067037 0.5369240
13.906260 1.5271428 -0.0456640 -0.4875887 0.0159912 0.8361211 -0.0078877 0.5482549
14.113800 1.5555907 -0.0472137 -0.4991187 0.0141788 0.8297316 -0.0079859 0.5579254
14.217640 1.5698429 -0.0480546 -0.5044847 0.0138651 0.8277448 -0.0121182 0.5608025
14.425390 1.5982091 -0.0496094 -0.5151479 0.0130089 0.8250143 -0.0194572 0.5646270
14.633120 1.6268917 -0.0515852 -0.5257367 0.0125616 0.8224236 -0.0197906 0.5683925
14.736910 1.6411488 -0.0523899 -0.5308485 0.0102898 0.8207864 -0.0194624 0.5708110
14.944510 1.6700505 -0.0541696 -0.5409374 0.0078690 0.8175439 -0.0171042 0.5755584
15.152010 1.6991311 -0.0558641 -0.5504244 0.0026060 0.8137258 -0.0228104 0.5807954
15.359530 1.7278156 -0.0575623 -0.5598319 0.0061185 0.8094046 -0.0243939 0.5867127
15.567140 1.7569162 -0.0594378 -0.5688257 0.0034719 0.8052449 -0.0219393 0.5925261
15.774640 1.7860310 -0.0610918 -0.5774895 0.0027384 0.8009226 -0.0232321 0.5983106
15.982160 1.8151115 -0.0628418 -0.5855978 0.0033775 0.7967021 -0.0249771 0.6038465
16.086050 1.8297964 -0.0637114 -0.5894781 0.0032834 0.7945063 -0.0246735 0.6067455
16.293510 1.8591099 -0.0655591 -0.5970735 0.0050467 0.7896702 -0.0226309 0.6130933
16.397260 1.8738092 -0.0664162 -0.6006980 0.0057470 0.7875780 -0.0221996 0.6157881
16.604760 1.9028555 -0.0681615 -0.6071988 0.0012817 0.7835583 -0.0251349 0.6208083
16.812390 1.9320049 -0.0698008 -0.6136804 0.0029535 0.7806659 -0.0234433 0.6245017
17.123760 1.9761504 -0.0723861 -0.6232984 0.0073160 0.7755823 -0.0170615 0.6309734
17.331410 2.0056942 -0.0740226 -0.6291999 0.0072572 0.7726166 -0.0173998 0.6345930
17.539040 2.0351722 -0.0754401 -0.6346204 0.0060923 0.7708920 -0.0198654 0.6366269
17.746640 2.0647223 -0.0771011 -0.6401400 0.0044105 0.7703058 -0.0170191 0.6374322
17.954270 2.0939050 -0.0784209 -0.6454750 0.0022051 0.7697911 -0.0145469 0.6381264
18.161890 2.1224618 -0.0798779 -0.6507666 0.0051372 0.7692420 -0.0173018 0.6387026
18.369580 2.1508648 -0.0813047 -0.6558146 0.0027344 0.7690204 -0.0187231 0.6389441
18.577160 2.1789851 -0.0826695 -0.6609045 0.0044601 0.7685887 -0.0191740 0.6394402
18.680990 2.1932042 -0.0834189 -0.6631841 0.0020398 0.7687393 -0.0228498 0.6391507
18.888520 2.2213480 -0.0849991 -0.6680288 0.0023599 0.7684006 -0.0263814 0.6394208
18.992370 2.2353125 -0.0858636 -0.6705015 0.0030896 0.7682617 -0.0262683 0.6395893
19.199890 2.2631519 -0.0875895 -0.6754009 0.0055386 0.7673903 -0.0236401 0.6407203
19.303520 2.2769883 -0.0884003 -0.6780434 0.0063185 0.7661305 -0.0202880 0.6423337
19.511150 2.3040843 -0.0901298 -0.6826451 0.0067758 0.7644748 -0.0153329 0.6444356
19.614770 2.3178511 -0.0909032 -0.6850063 0.0085059 0.7626636 -0.0172489 0.6465093
19.822140 2.3448532 -0.0923012 -0.6889734 0.0101970 0.7578747 -0.0181090 0.6520690
19.925670 2.3584380 -0.0930327 -0.6907524 0.0093343 0.7548381 -0.0158370 0.6556535
20.132890 2.3856480 -0.0945975 -0.6941218 0.0127975 0.7462755 -0.0125938 0.6653950
20.236640 2.3991091 -0.0953133 -0.6955041 0.0131098 0.7412898 -0.0130072 0.6709310
20.444020 2.4258635 -0.0967722 -0.6975431 0.0145600 0.7319666 -0.0126707 0.6810672
20.547770 2.4388518 -0.0976002 -0.6980817 0.0153183 0.7274330 -0.0163516 0.6858128
20.755270 2.4645517 -0.0992809 -0.6986468 0.0175554 0.7179680 -0.0262184 0.6953606
20.859140 2.4774468 -0.1002286 -0.6988469 0.0179453 0.7132442 -0.0262720 0.7001932
21.066770 2.5031376 -0.1022136 -0.6985326 0.0130400 0.7053612 -0.0267327 0.7082238
21.170640 2.5158587 -0.1032301 -0.6981457 0.0140803 0.7020610 -0.0302027 0.7113367
21.274520 2.5284040 -0.1041850 -0.6977198 0.0155028 0.6995438 -0.0342715 0.7135991
21.482520 2.5540032 -0.1061642 -0.6970124 0.0131485 0.6982535 -0.0354053 0.7148535
21.586400 2.5665553 -0.1073646 -0.6965877 0.0111798 0.6989695 -0.0342802 0.7142419
21.794280 2.5917521 -0.1092585 -0.6960905 0.0112845 0.7012496 -0.0323854 0.7120904
21.898270 2.6044247 -0.1102556 -0.6959963 0.0119112 0.7024373 -0.0318141 0.7109345
22.106150 2.6294591 -0.1121023 -0.6957956 0.0111690 0.7059358 -0.0319084 0.7074686
22.210070 2.6419947 -0.1130097 -0.6958197 0.0099160 0.7079877 -0.0319511 0.7054320
22.417770 2.6667852 -0.1149664 -0.6961282 0.0093861 0.7119443 -0.0305550 0.7015080
22.625400 2.6910658 -0.1167169 -0.6963643 0.0095186 0.7153518 -0.0331944 0.6979107
22.832900 2.7154737 -0.1185453 -0.6970827 0.0121194 0.7166898 -0.0334620 0.6964834
23.040140 2.7396801 -0.1204587 -0.6977299 0.0121975 0.7152516 -0.0294613 0.6981392
23.247420 2.7634394 -0.1223776 -0.6979432 0.0137395 0.7086207 -0.0280887 0.7048965
23.454650 2.7867506 -0.1241126 -0.6973613 0.0134346 0.6981428 -0.0265351 0.7153406
23.662020 2.8101122 -0.1257460 -0.6958333 0.0074496 0.6863630 -0.0240168 0.7268243
23.869400 2.8330648 -0.1270189 -0.6935447 0.0020938 0.6739305 -0.0187217 0.7385545
24.076780 2.8554239 -0.1280452 -0.6904886 -0.0020684 0.6608174 -0.0169153 0.7503532
24.284160 2.8769741 -0.1288657 -0.6866931 -0.0030311 0.6474081 -0.0159833 0.7619699
24.491650 2.8982623 -0.1295112 -0.6820278 -0.0075434 0.6358768 -0.0167917 0.7715710
24.699270 2.9194286 -0.1301446 -0.6773387 -0.0076411 0.6268454 -0.0134094 0.7789908
24.906780 2.9398401 -0.1308242 -0.6719899 -0.0067181 0.6191931 -0.0194368 0.7849694
25.114270 2.9596565 -0.1314691 -0.6668114 0.0016301 0.6121716 -0.0225471 0.7904017
25.321770 2.9800546 -0.1321079 -0.6609387 -0.0030500 0.6072352 -0.0202332 0.7942586
25.529390 3.0006869 -0.1328213 -0.6547748 -0.0127935 0.6050030 -0.0160542 0.7959585
25.737020 3.0211656 -0.1332501 -0.6491560 -0.0095101 0.6041597 -0.0143642 0.7966770
25.944520 3.0420837 -0.1333515 -0.6431449 -0.0100581 0.6028795 -0.0134151 0.7976560
26.151900 3.0630741 -0.1336905 -0.6369072 -0.0137993 0.6005508 -0.0107952 0.7993947
26.359150 3.0841553 -0.1337005 -0.6304957 -0.0145183 0.5961733 -0.0082583 0.8026820
26.566610 3.1050658 -0.1337967 -0.6236291 -0.0151803 0.5889159 -0.0056318 0.8080321
26.773900 3.1257303 -0.1338876 -0.6162019 -0.0142076 0.5792712 -0.0081531 0.8149703
26.981280 3.1467006 -0.1338528 -0.6081381 -0.0128669 0.5690495 -0.0091804 0.8221514
27.188790 3.1676679 -0.1338459 -0.5994363 -0.0150842 0.5592569 -0.0077371 0.8288211
27.396270 3.1888013 -0.1337340 -0.5900949 -0.0186459 0.5499790 -0.0089476 0.8349224
27.603900 3.2101440 -0.1334884 -0.5802149 -0.0211334 0.5449889 -0.0093814 0.8381243
27.811650 3.2321579 -0.1332962 -0.5703672 -0.0193325 0.5440785 -0.0063317 0.8387877
28.019400 3.2545841 -0.1329928 -0.5603237 -0.0166494 0.5449765 -0.0059834 0.8382646
28.227150 3.2773361 -0.1326356 -0.5502191 -0.0173128 0.5456600 -0.0021329 0.8378251
28.434770 3.3008971 -0.1322303 -0.5398452 -0.0189935 0.5470502 -0.0003157 0.8368843
28.642420 3.3242092 -0.1318080 -0.5295659 -0.0203650 0.5485840 -0.0011531 0.8358466
28.849900 3.3476739 -0.1315129 -0.5194579 -0.0182238 0.5498371 -0.0024344 0.8350695
29.057520 3.3710785 -0.1311729 -0.5094558 -0.0150766 0.5505203 -0.0055193 0.8346674
29.264900 3.3948421 -0.1311333 -0.4991766 -0.0191651 0.5516568 -0.0047484 0.8338374
29.472530 3.4186230 -0.1310070 -0.4888624 -0.0220082 0.5550335 -0.0071988 0.8315056
29.680170 3.4426789 -0.1306111 -0.4791491 -0.0216678 0.5620020 -0.0063949 0.8268273
29.887780 3.4664736 -0.1306041 -0.4703450 -0.0191554 0.5709912 -0.0073511 0.8206998
30.095530 3.4906657 -0.1303174 -0.4618682 -0.0210924 0.5809028 -0.0041146 0.8136892
30.303050 3.5152254 -0.1299688 -0.4540576 -0.0249460 0.5874615 0.0015491 0.8088660
30.406780 3.5274642 -0.1296989 -0.4499558 -0.0277182 0.5893483 0.0000765 0.8074034
30.614030 3.5523934 -0.1289230 -0.4419960 -0.0280853 0.5912352 0.0012444 0.8060091
30.717780 3.5646605 -0.1285410 -0.4380031 -0.0275282 0.5916900 0.0003584 0.8056954
30.925160 3.5892417 -0.1277887 -0.4300437 -0.0289216 0.5916443 -0.0017540 0.8056782
31.028780 3.6016552 -0.1274045 -0.4259915 -0.0298320 0.5909473 -0.0016408 0.8061568
31.236300 3.6262469 -0.1266785 -0.4179789 -0.0286843 0.5898553 0.0012013 0.8069985
31.443650 3.6513102 -0.1257631 -0.4096810 -0.0304688 0.5866882 0.0016000 0.8092380
31.651030 3.6764784 -0.1247585 -0.4008657 -0.0348662 0.5825202 0.0033372 0.8120612
31.858530 3.7015362 -0.1238575 -0.3918418 -0.0360210 0.5788908 0.0001167 0.8146091
32.066030 3.7264292 -0.1226094 -0.3824412 -0.0357580 0.5750118 -0.0051270 0.8173472
32.377150 3.7640748 -0.1212618 -0.3679886 -0.0359495 0.5697375 -0.0080153 0.8210010
32.584530 3.7892094 -0.1203171 -0.3581018 -0.0367325 0.5657624 -0.0078191 0.8237126
32.791900 3.8141789 -0.1194749 -0.3482285 -0.0341052 0.5620321 -0.0056293 0.8263928
32.999410 3.8391013 -0.1185290 -0.3377887 -0.0360245 0.5582246 -0.0078917 0.8288699
33.206780 3.8642414 -0.1176831 -0.3271561 -0.0353458 0.5543325 -0.0086896 0.8314990
33.414280 3.8891625 -0.1167771 -0.3162578 -0.0320443 0.5509906 -0.0145250 0.8337695
33.621780 3.9143403 -0.1159840 -0.3051037 -0.0396022 0.5485131 -0.0123474 0.8351123
33.829280 3.9395204 -0.1147994 -0.2941793 -0.0476353 0.5469441 -0.0058329 0.8357924
34.036660 3.9641912 -0.1135116 -0.2831453 -0.0470738 0.5446100 -0.0066365 0.8373410
34.244030 3.9884114 -0.1120970 -0.2720411 -0.0420785 0.5407000 -0.0092473 0.8401116
34.451530 4.0128431 -0.1109156 -0.2606217 -0.0393511 0.5369200 -0.0095455 0.8426608
34.658910 4.0374146 -0.1098179 -0.2488956 -0.0413030 0.5336134 -0.0066250 0.8446934
34.866280 4.0621667 -0.1083924 -0.2370217 -0.0452502 0.5310360 -0.0025051 0.8461365
35.073910 4.0867710 -0.1067569 -0.2249296 -0.0492858 0.5293560 0.0023234 0.8469638
35.385050 4.1230612 -0.1044641 -0.2064366 -0.0432924 0.5273686 -0.0082458 0.8484929
35.592410 4.1477914 -0.1029550 -0.1940281 -0.0404448 0.5271126 -0.0094953 0.8487793
35.799780 4.1721611 -0.1017923 -0.1818100 -0.0435297 0.5263107 -0.0075846 0.8491434
36.110910 4.2088208 -0.0998359 -0.1636735 -0.0436874 0.5244529 -0.0038137 0.8503094
36.318290 4.2333860 -0.0984355 -0.1509653 -0.0455376 0.5235736 -0.0045208 0.8507506
36.525780 4.2577519 -0.0971045 -0.1385121 -0.0428116 0.5222965 -0.0053887 0.8516716
36.733280 4.2823281 -0.0955682 -0.1257223 -0.0443526 0.5198855 -0.0033257 0.8530773
36.940790 4.3066125 -0.0941146 -0.1130682 -0.0438312 0.5158651 -0.0011075 0.8555471
37.252040 4.3414645 -0.0919864 -0.0934764 -0.0417579 0.5095572 -0.0063131 0.8593997
37.563030 4.3772588 -0.0901901 -0.0731772 -0.0372666 0.4965268 -0.0005053 0.8672209
37.770280 4.4003601 -0.0888372 -0.0586934 -0.0378459 0.4834377 0.0005070 0.8745601
37.977790 4.4231315 -0.0874336 -0.0433283 -0.0418985 0.4701024 0.0027171 0.8816127
38.185280 4.4453630 -0.0857769 -0.0272186 -0.0435107 0.4597381 -0.0026142 0.8869841
38.393160 4.4674659 -0.0840361 -0.0107388 -0.0446249 0.4556327 -0.0076339 0.8890159
38.601160 4.4897118 -0.0826655 0.0056484 -0.0452716 0.4611138 -0.0161765 0.8860377
38.809290 4.5123296 -0.0813688 0.0207751 -0.0412180 0.4717323 -0.0161284 0.8806302
39.017160 4.5352254 -0.0802231 0.0354602 -0.0430953 0.4821088 -0.0167806 0.8748899
39.225040 4.5587673 -0.0791324 0.0495775 -0.0408382 0.4912121 -0.0142612 0.8699653
39.432660 4.5825300 -0.0780854 0.0634319 -0.0389986 0.4994012 -0.0149110 0.8653642
39.640160 4.6066318 -0.0769611 0.0770419 -0.0433346 0.5050169 -0.0156913 0.8618780
39.847560 4.6306243 -0.0757144 0.0903261 -0.0480360 0.5095684 -0.0139772 0.8589745
40.055040 4.6541724 -0.0743864 0.1037170 -0.0463500 0.5122294 -0.0212627 0.8573334
40.262420 4.6786208 -0.0731913 0.1166838 -0.0377719 0.5133351 -0.0269821 0.8569319
40.573540 4.7154398 -0.0722526 0.1365563 -0.0414504 0.5145097 -0.0255360 0.8561013
40.884790 4.7526660 -0.0708113 0.1567503 -0.0424821 0.5119505 -0.0224237 0.8576708
41.092170 4.7773485 -0.0696929 0.1705810 -0.0426636 0.5082722 -0.0227485 0.8598382
41.299420 4.8020949 -0.0687309 0.1847956 -0.0432175 0.5044451 -0.0253175 0.8619898
41.610540 4.8393159 -0.0673225 0.2064270 -0.0370970 0.4964174 -0.0244119 0.8669473
41.817920 4.8641834 -0.0664199 0.2219787 -0.0413474 0.4893107 -0.0240442 0.8707969
42.128920 4.9017954 -0.0645347 0.2460368 -0.0507758 0.4783246 -0.0232842 0.8764048
42.336290 4.9262705 -0.0631047 0.2624812 -0.0458440 0.4704453 -0.0251152 0.8808795
42.647420 4.9630060 -0.0615970 0.2881937 -0.0348684 0.4589946 -0.0245454 0.8874152
42.854790 4.9875250 -0.0606779 0.3058891 -0.0351955 0.4514078 -0.0176030 0.8914496
43.062290 5.0120940 -0.0596117 0.3243866 -0.0391152 0.4434003 -0.0118832 0.8953909
43.269790 5.0366421 -0.0581720 0.3438153 -0.0416763 0.4358288 -0.0138203 0.8989579
43.477330 5.0607300 -0.0567058 0.3636684 -0.0443695 0.4299478 -0.0131724 0.9016666
43.684940 5.0847864 -0.0549996 0.3836014 -0.0412910 0.4248807 -0.0142222 0.9041953
43.892430 5.1085701 -0.0535495 0.4037626 -0.0395922 0.4194978 -0.0143050 0.9067797
44.099960 5.1324091 -0.0520111 0.4246941 -0.0451005 0.4147483 -0.0141841 0.9087071
44.411040 5.1673727 -0.0496961 0.4561505 -0.0405528 0.4070343 -0.0167969 0.9123576
44.618540 5.1907349 -0.0482549 0.4772780 -0.0385034 0.4019287 -0.0117248 0.9147860
44.826160 5.2138872 -0.0469347 0.4986291 -0.0366610 0.3960944 -0.0073678 0.9174480
45.033540 5.2368603 -0.0454964 0.5206308 -0.0373476 0.3909389 -0.0040367 0.9196497
45.137340 5.2479811 -0.0447698 0.5316851 -0.0375535 0.3890080 -0.0040252 0.9204598
45.344810 5.2701550 -0.0432254 0.5537605 -0.0370689 0.3838166 -0.0059807 0.9226456
45.448540 5.2811389 -0.0425433 0.5646815 -0.0356943 0.3812746 -0.0025614 0.9237689
45.656170 5.3028250 -0.0409857 0.5870419 -0.0357661 0.3761228 -0.0028416 0.9258749
45.759920 5.3135948 -0.0401147 0.5982592 -0.0355569 0.3737002 -0.0010329 0.9268672
45.967420 5.3348179 -0.0386563 0.6210842 -0.0403894 0.3697761 -0.0041369 0.9282334
46.175050 5.3559637 -0.0367832 0.6436620 -0.0430478 0.3667651 -0.0023335 0.9293142
46.382670 5.3767281 -0.0351197 0.6662524 -0.0410968 0.3644911 -0.0037521 0.9302920
46.590420 5.3975263 -0.0334747 0.6886754 -0.0369180 0.3643093 -0.0041502 0.9305367
46.798050 5.4186044 -0.0318578 0.7113996 -0.0405690 0.3657480 -0.0031526 0.9298240
47.005800 5.4398966 -0.0301332 0.7343535 -0.0413434 0.3699365 -0.0040472 0.9281279
47.213560 5.4614902 -0.0283890 0.7570002 -0.0382816 0.3761899 -0.0082685 0.9257145
47.421170 5.4838467 -0.0268501 0.7794669 -0.0374772 0.3834323 -0.0086096 0.9227681
47.628800 5.5063448 -0.0253170 0.8013079 -0.0393599 0.3906863 -0.0093784 0.9196342
47.836440 5.5296021 -0.0237055 0.8233368 -0.0464584 0.3989263 -0.0087957 0.9157631
48.043920 5.5529456 -0.0218653 0.8447392 -0.0421465 0.4064810 -0.0128257 0.9125965
48.251420 5.5770626 -0.0202281 0.8657429 -0.0387544 0.4129061 -0.0116917 0.9098735
48.458800 5.6014271 -0.0187522 0.8867764 -0.0405691 0.4190061 -0.0109768 0.9070102
48.666190 5.6261034 -0.0172855 0.9075990 -0.0423487 0.4241756 -0.0115013 0.9045161
48.873550 5.6510892 -0.0156100 0.9284208 -0.0441086 0.4290216 -0.0138161 0.9021109
49.080930 5.6764688 -0.0140002 0.9489541 -0.0446330 0.4331079 -0.0158078 0.9000975
49.288320 5.7020187 -0.0122875 0.9691999 -0.0442463 0.4368632 -0.0162889 0.8982915
49.495800 5.7276974 -0.0107692 0.9893193 -0.0450465 0.4403914 -0.0162767 0.8965273
49.703170 5.7535534 -0.0091880 1.0092826 -0.0472702 0.4437077 -0.0177098 0.8947487
49.910550 5.7794609 -0.0077637 1.0290391 -0.0465201 0.4471878 -0.0196439 0.8930135
50.117990 5.8059487 -0.0062028 1.0487134 -0.0476783 0.4486022 -0.0162104 0.8923116
50.325300 5.8323874 -0.0042986 1.0682013 -0.0521128 0.4494960 -0.0107258 0.8916965
50.532690 5.8585443 -0.0024324 1.0873713 -0.0477541 0.4501208 -0.0113208 0.8916180
50.636450 5.8716202 -0.0015029 1.0972035 -0.0440242 0.4508499 -0.0122138 0.8914298
50.843990 5.8981667 0.0001294 1.1166077 -0.0425967 0.4520190 -0.0101575 0.8909327
50.947600 5.9115496 0.0010229 1.1263685 -0.0434343 0.4525901 -0.0074288 0.8906292
51.051200 5.9248838 0.0018716 1.1359868 -0.0444580 0.4529127 -0.0049829 0.8904318
51.154950 5.9381542 0.0027748 1.1455657 -0.0452368 0.4530747 -0.0028725 0.8903194
51.258560 5.9513302 0.0036511 1.1551945 -0.0454825 0.4532734 -0.0021830 0.8902078
51.362310 5.9642677 0.0046007 1.1646633 -0.0439417 0.4534338 -0.0021369 0.8902035
51.569680 5.9901056 0.0063719 1.1834345 -0.0424139 0.4532069 -0.0015149 0.8903944
51.673320 6.0029655 0.0072938 1.1929474 -0.0433426 0.4535359 0.0002592 0.8901834
51.880670 6.0287614 0.0090726 1.2116838 -0.0426938 0.4540556 0.0006969 0.8899496
51.984300 6.0416923 0.0100422 1.2210219 -0.0416346 0.4541771 0.0007859 0.8899377
52.191670 6.0676651 0.0118300 1.2398908 -0.0425016 0.4545155 0.0024960 0.8897207
52.399170 6.0935249 0.0137579 1.2585199 -0.0419470 0.4540790 0.0061979 0.8899518
52.502930 6.1064644 0.0146896 1.2678010 -0.0412534 0.4540116 0.0090747 0.8899940
52.710430 6.1322370 0.0167183 1.2861631 -0.0390807 0.4533841 0.0159968 0.8903144
52.917930 6.1575699 0.0188891 1.3044653 -0.0391877 0.4520812 0.0190535 0.8909118
53.125430 6.1822519 0.0209256 1.3226116 -0.0396356 0.4507939 0.0211530 0.8914967
53.332930 6.2062902 0.0229142 1.3403897 -0.0398565 0.4493621 0.0221852 0.8921844
53.540300 6.2296743 0.0250228 1.3577151 -0.0431769 0.4478355 0.0235441 0.8927624
53.747800 6.2522411 0.0272112 1.3749847 -0.0517043 0.4479023 0.0211876 0.8923348
54.059050 6.2840939 0.0308515 1.3992879 -0.0581562 0.4484678 0.0135983 0.8918013
54.266550 6.3042192 0.0330887 1.4145558 -0.0581753 0.4494474 0.0110314 0.8913422
54.473930 6.3238916 0.0353759 1.4291339 -0.0570269 0.4499914 0.0109253 0.8911433
54.681310 6.3430324 0.0374470 1.4433022 -0.0569125 0.4510888 0.0102819 0.8906032
54.888800 6.3615170 0.0395032 1.4567437 -0.0592721 0.4551722 0.0081047 0.8883915
54.992680 6.3707285 0.0404778 1.4632860 -0.0601057 0.4583801 0.0080440 0.8866850
55.200180 6.3886499 0.0423114 1.4757500 -0.0583211 0.4645033 0.0040170 0.8836398
55.407810 6.4069180 0.0441625 1.4879884 -0.0557147 0.4725975 -0.0000250 0.8795155
55.615430 6.4257293 0.0459507 1.4998093 -0.0611404 0.4828686 -0.0004686 0.8735557
55.926680 6.4551573 0.0490471 1.5170379 -0.0651588 0.4977060 0.0028512 0.8648901
56.134050 6.4752674 0.0511541 1.5281156 -0.0606228 0.5062357 0.0041482 0.8602517
56.341580 6.4960775 0.0532575 1.5390686 -0.0546463 0.5123584 0.0075645 0.8569980
56.549070 6.5175552 0.0555540 1.5501039 -0.0606327 0.5169807 0.0160488 0.8536961
56.756680 6.5394616 0.0583268 1.5613573 -0.0747923 0.5207161 0.0219321 0.8501646
56.964280 6.5615611 0.0614601 1.5725043 -0.0757309 0.5259387 0.0217039 0.8468661
57.171890 6.5840187 0.0646702 1.5831612 -0.0758100 0.5312263 0.0246422 0.8434715
57.379330 6.6069059 0.0680674 1.5935013 -0.0778948 0.5365729 0.0303137 0.8397041
57.586810 6.6295023 0.0715328 1.6034431 -0.0762819 0.5415086 0.0323576 0.8366017
57.690560 6.6407475 0.0732012 1.6083558 -0.0759875 0.5441706 0.0323278 0.8349007
57.898200 6.6630120 0.0766069 1.6177789 -0.0768532 0.5505061 0.0315126 0.8306887
58.001930 6.6740627 0.0782471 1.6222036 -0.0764623 0.5545040 0.0319338 0.8280454
58.105810 6.6850901 0.0799053 1.6265413 -0.0757442 0.5590354 0.0325642 0.8250344
58.313440 6.7066655 0.0830857 1.6346153 -0.0766608 0.5678685 0.0331693 0.8188701
58.521060 6.7278819 0.0860166 1.6418667 -0.0727913 0.5768076 0.0321108 0.8129965
58.624930 6.7383990 0.0874749 1.6454273 -0.0705442 0.5819347 0.0269189 0.8097228
58.832680 6.7596107 0.0901837 1.6520636 -0.0681499 0.5946313 0.0187475 0.8008856
59.040430 6.7811184 0.0925671 1.6574897 -0.0629884 0.6109613 0.0180141 0.7889450
59.248190 6.8029690 0.0946395 1.6618956 -0.0539667 0.6277542 0.0173369 0.7763451
59.663310 6.8486514 0.0985645 1.6688035 -0.0527862 0.6559943 0.0231443 0.7525619
59.870680 6.8723054 0.1007280 1.6714799 -0.0567822 0.6645254 0.0294074 0.7445247
60.078080 6.8962188 0.1032290 1.6740341 -0.0608516 0.6703440 0.0283249 0.7390086
60.285560 6.9204726 0.1058457 1.6762770 -0.0653919 0.6756808 0.0284549 0.7337368
60.493060 6.9442449 0.1081815 1.6785399 -0.0614311 0.6803880 0.0100780 0.7302033
60.700580 6.9686327 0.1103663 1.6802237 -0.0575356 0.6832519 0.0025389 0.7279081
61.011600 7.0055451 0.1129577 1.6830890 -0.0621215 0.6815332 -0.0017070 0.7291437
61.218940 7.0291262 0.1144002 1.6850927 -0.0477518 0.6781419 -0.0184639 0.7331455
61.426430 7.0530453 0.1153897 1.6874249 -0.0556271 0.6753115 -0.0163900 0.7352492
61.633820 7.0763936 0.1161774 1.6896002 -0.0557081 0.6734498 -0.0139186 0.7369995
61.841310 7.0987434 0.1170091 1.6917686 -0.0471555 0.6714734 -0.0168577 0.7393346
62.048840 7.1204801 0.1174652 1.6939504 -0.0429383 0.6706409 -0.0166035 0.7403522
62.360060 7.1524506 0.1181663 1.6973407 -0.0397583 0.6715958 -0.0240833 0.7394581
62.671810 7.1834865 0.1182494 1.7000234 -0.0418033 0.6847941 -0.0309057 0.7268798
63.087560 7.2219563 0.1176823 1.6998054 -0.0358089 0.7106634 -0.0279299 0.7020649
63.503190 7.2550879 0.1171134 1.6978186 -0.0364407 0.7362911 -0.0286804 0.6750740
63.918440 7.2814484 0.1159706 1.6938653 -0.0180926 0.7564806 -0.0356881 0.6527910
64.333310 7.3027306 0.1149575 1.6898466 -0.0099801 0.7680027 -0.0370637 0.6392953
64.851690 7.3233266 0.1136995 1.6859608 -0.0160334 0.7753208 -0.0365971 0.6303025
65.681060 7.3434272 0.1123626 1.6812952 -0.0051213 0.7724597 -0.0284521 0.6344054
66.303310 7.3580012 0.1115994 1.6793188 -0.0056938 0.7624521 -0.0333999 0.6461569
66.718090 7.3717198 0.1110978 1.6782200 -0.0149901 0.7511852 -0.0356609 0.6589571
66.925440 7.3794374 0.1106001 1.6772996 -0.0121490 0.7435622 -0.0304084 0.6678645
67.236440 7.3920169 0.1101372 1.6767422 -0.0101378 0.7268361 -0.0270667 0.6862025
67.547320 7.4058094 0.1095601 1.6772391 -0.0103293 0.7040087 -0.0274748 0.7095845
67.858320 7.4210992 0.1092912 1.6791594 -0.0136310 0.6776519 -0.0340443 0.7344679
68.169320 7.4379573 0.1087201 1.6820909 -0.0132535 0.6487975 -0.0300885 0.7602506
68.480320 7.4564290 0.1082885 1.6870353 -0.0142978 0.6185294 -0.0298714 0.7850634
68.791570 7.4770718 0.1079151 1.6938105 -0.0145343 0.5917115 -0.0279710 0.8055333
69.102840 7.4999228 0.1075152 1.7025969 -0.0139709 0.5689268 -0.0262951 0.8218489
69.413950 7.5248232 0.1071512 1.7133313 -0.0108879 0.5455894 -0.0209108 0.8377209
69.725320 7.5513659 0.1067010 1.7266885 -0.0112316 0.5250719 -0.0220148 0.8506989
70.036720 7.5799642 0.1065204 1.7423782 -0.0147623 0.5110794 -0.0212605 0.8591437
70.348200 7.6104727 0.1063406 1.7597008 -0.0169357 0.5038376 -0.0214806 0.8633652
70.659570 7.6431079 0.1061964 1.7785102 -0.0169601 0.4995032 -0.0218947 0.8658692
70.970820 7.6775436 0.1060922 1.7986569 -0.0145571 0.4955781 -0.0218135 0.8681674
71.282190 7.7131982 0.1058676 1.8199697 -0.0113923 0.4925099 -0.0198689 0.8700054
71.593330 7.7501116 0.1052640 1.8423815 -0.0085159 0.4902636 -0.0206769 0.8712873
71.904720 7.7885036 0.1048101 1.8658023 -0.0096069 0.4897335 -0.0214179 0.8715561
72.215950 7.8284831 0.1041835 1.8901513 -0.0087144 0.4888108 -0.0193502 0.8721316
72.527200 7.8700352 0.1034300 1.9150832 -0.0071031 0.4872463 -0.0163612 0.8730824
72.838470 7.9121089 0.1027946 1.9413438 -0.0064094 0.4859813 -0.0169073 0.8737822
73.149700 7.9560518 0.1021412 1.9688311 -0.0086960 0.4863386 -0.0187152 0.8735267
73.357220 7.9858212 0.1018013 1.9873028 -0.0079022 0.4891147 -0.0223554 0.8718971
73.564950 8.0155888 0.1010927 2.0058882 -0.0084642 0.4969307 -0.0280609 0.8672951
73.772700 8.0465002 0.1002938 2.0237491 -0.0094710 0.5092595 -0.0324685 0.8599482
73.980600 8.0785713 0.0992008 2.0407193 -0.0129315 0.5239946 -0.0331152 0.8509793
74.292330 8.1277103 0.0976286 2.0639310 -0.0109702 0.5476676 -0.0370919 0.8358014
74.500110 8.1612263 0.0962652 2.0775828 -0.0114805 0.5653980 -0.0376731 0.8238775
74.707830 8.1951313 0.0946501 2.0898271 -0.0104102 0.5854199 -0.0387322 0.8097376
74.811700 8.2124605 0.0938991 2.0952837 -0.0081821 0.5958541 -0.0420133 0.8019512
74.915450 8.2298841 0.0928866 2.1002846 -0.0065875 0.6067592 -0.0441750 0.7936299
75.123330 8.2650776 0.0904849 2.1087766 -0.0040166 0.6302491 -0.0485964 0.7748603
75.227100 8.2825994 0.0891362 2.1120667 -0.0046450 0.6417254 -0.0515006 0.7651892
75.434820 8.3186970 0.0862400 2.1173122 0.0015060 0.6631956 -0.0529068 0.7465723
75.538570 8.3368416 0.0846351 2.1190479 0.0046388 0.6729128 -0.0528354 0.7378179
75.745950 8.3733940 0.0811575 2.1214120 0.0067721 0.6898945 -0.0523482 0.7219830
75.849580 8.3921642 0.0794359 2.1220000 0.0074896 0.6977940 -0.0538454 0.7142326
76.056950 8.4290667 0.0756003 2.1221509 0.0094165 0.7129881 -0.0550231 0.6989504
76.160580 8.4476337 0.0738000 2.1214917 0.0101561 0.7192118 -0.0526000 0.6927226
76.367700 8.4850016 0.0699732 2.1193616 0.0150856 0.7267300 -0.0493220 0.6849841
76.574950 8.5225410 0.0658161 2.1170554 0.0170920 0.7303420 -0.0498348 0.6810470
76.782200 8.5602894 0.0617365 2.1145346 0.0173246 0.7327184 -0.0511168 0.6783882
76.989560 8.5986223 0.0573845 2.1115201 0.0207000 0.7348152 -0.0520942 0.6759470
77.196950 8.6383743 0.0528491 2.1083083 0.0193900 0.7370152 -0.0506396 0.6736974
77.404200 8.6781101 0.0485697 2.1050310 0.0173898 0.7383255 -0.0510630 0.6722838
77.611580 8.7182388 0.0440791 2.1013503 0.0201700 0.7379329 -0.0534846 0.6724490
77.818950 8.7594070 0.0393132 2.0979729 0.0203517 0.7379603 -0.0532425 0.6724327
78.026330 8.8008862 0.0345476 2.0946136 0.0193513 0.7383035 -0.0553337 0.6719164
78.233830 8.8430471 0.0297068 2.0911639 0.0182715 0.7402394 -0.0549601 0.6698442
78.441200 8.8857450 0.0248197 2.0870481 0.0194821 0.7417445 -0.0551278 0.6681291
78.648580 8.9293690 0.0197511 2.0826354 0.0191768 0.7438749 -0.0548508 0.6657881
78.855950 8.9737415 0.0142966 2.0777683 0.0176124 0.7463035 -0.0544773 0.6631389
79.063330 9.0184622 0.0093663 2.0726933 0.0171641 0.7484517 -0.0558082 0.6606141
79.270830 9.0635509 0.0042904 2.0674553 0.0178987 0.7504522 -0.0557749 0.6583238
79.478210 9.1086245 -0.0011261 2.0615859 0.0189079 0.7521025 -0.0561933 0.6563739
79.685700 9.1537580 -0.0068371 2.0555215 0.0179211 0.7543349 -0.0563058 0.6538252
79.996970 9.2223244 -0.0150614 2.0453849 0.0186864 0.7578788 -0.0561033 0.6497099
80.307980 9.2923918 -0.0235272 2.0349920 0.0198322 0.7602514 -0.0561293 0.6468956
80.515330 9.3394766 -0.0291367 2.0277238 0.0198705 0.7613990 -0.0562001 0.6455372
80.722740 9.3874092 -0.0352311 2.0196061 0.0212584 0.7618629 -0.0555060 0.6450055
80.826440 9.4113426 -0.0382850 2.0157161 0.0212174 0.7622389 -0.0543182 0.6446636
81.033840 9.4594221 -0.0440540 2.0080471 0.0206436 0.7630649 -0.0551655 0.6436324
81.137500 9.4841280 -0.0470743 2.0039630 0.0194908 0.7634845 -0.0549232 0.6431912
81.241210 9.5090332 -0.0501350 2.0000401 0.0192108 0.7641996 -0.0537337 0.6424505
81.448590 9.5579538 -0.0560337 1.9915476 0.0205380 0.7641827 -0.0539993 0.6424073
81.552330 9.5824080 -0.0589568 1.9874198 0.0210793 0.7641982 -0.0540709 0.6423652
81.759710 9.6314535 -0.0651168 1.9793415 0.0207312 0.7644344 -0.0537459 0.6421227
81.863460 9.6559267 -0.0681737 1.9751658 0.0208687 0.7642169 -0.0542425 0.6423354
82.070830 9.7053213 -0.0745175 1.9666269 0.0233289 0.7635185 -0.0540846 0.6430942
82.174460 9.7300253 -0.0775032 1.9625393 0.0239104 0.7630428 -0.0535571 0.6436813
82.278210 9.7545166 -0.0806493 1.9584935 0.0242297 0.7623349 -0.0518009 0.6446511
82.381960 9.7791843 -0.0837335 1.9545350 0.0240825 0.7618498 -0.0513111 0.6452690
82.485710 9.8037176 -0.0868331 1.9506836 0.0236706 0.7616231 -0.0513680 0.6455473
82.589430 9.8281450 -0.0898230 1.9468050 0.0241221 0.7613415 -0.0507343 0.6459127
82.693080 9.8526087 -0.0927788 1.9428115 0.0243703 0.7608963 -0.0511555 0.6463946
82.796920 9.8767395 -0.0957609 1.9390721 0.0245077 0.7607018 -0.0509643 0.6466334
83.004230 9.9251060 -0.1018738 1.9319515 0.0234446 0.7605278 -0.0519484 0.6467991
83.107850 9.9494953 -0.1049176 1.9280010 0.0225670 0.7602273 -0.0522303 0.6471609
83.211580 9.9736223 -0.1078547 1.9241929 0.0230548 0.7601532 -0.0510837 0.6473221
83.418960 10.0217714 -0.1138103 1.9166069 0.0254571 0.7596228 -0.0473757 0.6481364
83.522590 10.0460281 -0.1166931 1.9130089 0.0269530 0.7592968 -0.0475238 0.6484469
83.626210 10.0702686 -0.1197275 1.9093419 0.0275529 0.7591404 -0.0488107 0.6485092
83.833580 10.1190176 -0.1256515 1.9019271 0.0250878 0.7586026 -0.0504499 0.6491129
83.937350 10.1434240 -0.1285552 1.8983436 0.0247647 0.7583175 -0.0506884 0.6494397
84.144710 10.1917524 -0.1345623 1.8913922 0.0230053 0.7577230 -0.0523463 0.6500665
84.352100 10.2405691 -0.1404751 1.8841560 0.0214701 0.7575008 -0.0524655 0.6503684
84.455710 10.2648020 -0.1434181 1.8805579 0.0225070 0.7576270 -0.0521220 0.6502138
84.559380 10.2888584 -0.1464291 1.8769834 0.0232401 0.7575296 -0.0519266 0.6503172
84.662980 10.3129740 -0.1493724 1.8734460 0.0240042 0.7574601 -0.0509343 0.6504489
84.766730 10.3371029 -0.1524193 1.8697805 0.0239264 0.7570124 -0.0497938 0.6510609
84.870340 10.3610497 -0.1553279 1.8662510 0.0247562 0.7564409 -0.0503961 0.6516476
85.077720 10.4083281 -0.1613582 1.8596996 0.0231925 0.7556593 -0.0535187 0.6523625
85.285090 10.4552507 -0.1672961 1.8534474 0.0204483 0.7549867 -0.0534746 0.6532361
85.492460 10.5018654 -0.1731488 1.8468748 0.0208517 0.7549217 -0.0505303 0.6535327
85.699750 10.5477304 -0.1787282 1.8406209 0.0212868 0.7551560 -0.0511606 0.6531990
85.907110 10.5927496 -0.1842952 1.8341546 0.0202333 0.7555417 -0.0513487 0.6527715
86.114460 10.6367579 -0.1898367 1.8279657 0.0195564 0.7560264 -0.0510454 0.6522545
86.321830 10.6793261 -0.1951845 1.8219116 0.0170662 0.7567873 -0.0491815 0.6515849
86.529210 10.7201014 -0.2002374 1.8159178 0.0202282 0.7568558 -0.0504755 0.6513159
86.840340 10.7777796 -0.2074068 1.8076036 0.0194929 0.7564002 -0.0484712 0.6520194
87.047710 10.8137407 -0.2118422 1.8025508 0.0182792 0.7551373 -0.0485198 0.6535131
87.254960 10.8469667 -0.2157627 1.7980385 0.0164278 0.7537611 -0.0458371 0.6553422
87.462460 10.8778734 -0.2195145 1.7939060 0.0158984 0.7530906 -0.0461628 0.6561028
87.773590 10.9193039 -0.2243074 1.7884790 0.0160985 0.7526142 -0.0481158 0.6565041
88.293330 10.9749851 -0.2314153 1.7792444 0.0114927 0.7786775 -0.0552473 0.6248816
88.710100 11.0113049 -0.2362742 1.7664936 0.0165362 0.8282609 -0.0561016 0.5572819
89.127090 11.0420961 -0.2409192 1.7474251 0.0195999 0.8873245 -0.0566650 0.4572309
89.439590 11.0594454 -0.2444388 1.7293234 0.0273018 0.9274203 -0.0601493 0.3681417
89.959740 11.0792913 -0.2503819 1.6923547 0.0374979 0.9745108 -0.0570818 0.2136919
90.271490 11.0854502 -0.2539925 1.6670959 0.0432984 0.9901496 -0.0642307 0.1166339
90.686970 11.0858269 -0.2589193 1.6296909 0.0466056 0.9967405 -0.0640528 -0.0152816
91.102090 11.0759897 -0.2636058 1.5904748 0.0497808 0.9849851 -0.0713051 -0.1491366
91.930590 11.0246391 -0.2748852 1.5083885 0.0578226 0.9409191 -0.0691461 -0.3264147
92.241220 10.9982414 -0.2789156 1.4772906 0.0532360 0.9306378 -0.0611292 -0.3568507
92.552220 10.9684658 -0.2820610 1.4467440 0.0448924 0.9200865 -0.0513997 -0.3857248
92.759720 10.9471560 -0.2838678 1.4268832 0.0414783 0.9113232 -0.0426296 -0.4073723
92.967220 10.9245939 -0.2853997 1.4078569 0.0356762 0.9013109 -0.0341621 -0.4303473
93.174720 10.9004869 -0.2864448 1.3900828 0.0363636 0.8895618 -0.0309651 -0.4543112
93.278470 10.8879852 -0.2869245 1.3815446 0.0377334 0.8833986 -0.0281462 -0.4662520
93.485840 10.8620987 -0.2876147 1.3654301 0.0424994 0.8721344 -0.0245563 -0.4867980
93.589470 10.8488235 -0.2878045 1.3576388 0.0442115 0.8678845 -0.0229708 -0.4942612
93.796720 10.8217335 -0.2879109 1.3419228 -0.0450711 -0.8632141 0.0180658 0.5024974
93.900350 10.8078823 -0.2878585 1.3339238 -0.0446487 -0.8624541 0.0146396 0.5039496
94.107640 10.7799768 -0.2876574 1.3176184 -0.0389914 -0.8627130 0.0102458 0.5040843
94.314990 10.7511797 -0.2874897 1.3012991 -0.0336351 -0.8647941 0.0156239 0.5007553
94.522220 10.7225704 -0.2879427 1.2842188 0.0328818 0.8675230 -0.0192466 -0.4959357
94.729720 10.6931705 -0.2883417 1.2663970 0.0302671 0.8702712 -0.0177281 -0.4913224
94.833490 10.6784668 -0.2886789 1.2572565 0.0274149 0.8708367 -0.0191567 -0.4904332
95.040970 10.6485004 -0.2893663 1.2385657 0.0246198 0.8708780 -0.0206879 -0.4904462
95.144720 10.6332884 -0.2897270 1.2292438 0.0243448 0.8712592 -0.0203788 -0.4897954
95.248350 10.6179342 -0.2901486 1.2198241 0.0259455 0.8716747 -0.0196905 -0.4890014
95.352090 10.6023760 -0.2905518 1.2104154 0.0282408 0.8720863 -0.0192767 -0.4881561
95.455870 10.5870132 -0.2909293 1.2008598 0.0288287 0.8728269 -0.0174840 -0.4868639
95.559540 10.5718813 -0.2912138 1.1912313 0.0294061 0.8734965 -0.0176878 -0.4856195
95.766850 10.5413733 -0.2920326 1.1721141 0.0316204 0.8754695 -0.0182799 -0.4818912
95.870470 10.5262165 -0.2923522 1.1624060 0.0335564 0.8764804 -0.0185150 -0.4799096
96.077860 10.4961967 -0.2930788 1.1428225 0.0326699 0.8786329 -0.0201377 -0.4759531
96.181600 10.4813328 -0.2933539 1.1329155 0.0329733 0.8793324 -0.0209345 -0.4746041
96.389100 10.4516487 -0.2941449 1.1132078 0.0340534 0.8802080 -0.0190024 -0.4729832
96.596600 10.4226475 -0.2948949 1.0939021 0.0326189 0.8809565 -0.0210649 -0.4716014
96.700350 10.4085093 -0.2953463 1.0841804 0.0328767 0.8809723 -0.0194887 -0.4716218
96.907730 10.3799686 -0.2960607 1.0650678 0.0327313 0.8810896 -0.0172648 -0.4714993
97.115100 10.3520050 -0.2967263 1.0464292 0.0334291 0.8813787 -0.0197212 -0.4708134
97.322500 10.3247814 -0.2975170 1.0280051 0.0338238 0.8823087 -0.0198759 -0.4690334
97.633720 10.2850723 -0.2986423 1.0005898 0.0347385 0.8842579 -0.0188026 -0.4653254
97.841240 10.2599859 -0.2993979 0.9829736 0.0326007 0.8856013 -0.0193739 -0.4628955
98.048750 10.2360020 -0.3001231 0.9660087 0.0318456 0.8865665 -0.0196094 -0.4610870
98.256230 10.2132206 -0.3009051 0.9497232 0.0301920 0.8869306 -0.0186054 -0.4605392
98.463720 10.1917734 -0.3014989 0.9342980 0.0311205 0.8876090 -0.0181070 -0.4591883
98.671230 10.1719933 -0.3021795 0.9202056 0.0324506 0.8887274 -0.0154402 -0.4570253
98.878600 10.1538467 -0.3027324 0.9067879 0.0318782 0.8895858 -0.0146217 -0.4554197
99.086100 10.1377726 -0.3032785 0.8950734 0.0315870 0.8904048 -0.0157748 -0.4537982
99.293480 10.1232529 -0.3036867 0.8845053 0.0336389 0.8908260 -0.0174900 -0.4527598
99.500850 10.1107635 -0.3041521 0.8751225 0.0311357 0.8911180 -0.0179651 -0.4523456
99.708350 10.0999069 -0.3046221 0.8670068 0.0314374 0.8914105 -0.0166662 -0.4517978
99.915730 10.0903244 -0.3048246 0.8601613 0.0340935 0.8914597 -0.0189008 -0.4514199
100.226700 10.0787783 -0.3053087 0.8516059 0.0336784 0.8920124 -0.0188374 -0.4503608
100.537900 10.0695362 -0.3056462 0.8447924 0.0329268 0.8923062 -0.0217757 -0.4497013
100.848900 10.0605621 -0.3059164 0.8382912 0.0339873 0.8922715 -0.0228394 -0.4496385
101.160000 10.0519600 -0.3062038 0.8316607 0.0324038 0.8920934 -0.0230685 -0.4500969
101.471000 10.0431442 -0.3065887 0.8253026 0.0331914 0.8922353 -0.0224493 -0.4497895
101.782100 10.0350990 -0.3068844 0.8188839 0.0335259 0.8919839 -0.0225544 -0.4502577
102.093200 10.0271387 -0.3070168 0.8133297 0.0340698 0.8921978 -0.0225201 -0.4497945
102.404500 10.0204306 -0.3071440 0.8084249 0.0326791 0.8923174 -0.0227276 -0.4496502
103.026700 10.0085182 -0.3076218 0.7991295 0.0328276 0.8921514 -0.0203179 -0.4500839
103.441500 10.0009975 -0.3079472 0.7935624 0.0316783 0.8921769 -0.0222409 -0.4500247
103.856400 9.9929485 -0.3082965 0.7873831 0.0305652 0.8924927 -0.0249482 -0.4493330
104.167400 9.9841585 -0.3086454 0.7808404 0.0291467 0.8937733 -0.0290977 -0.4466242
104.582000 9.9675140 -0.3091179 0.7674651 0.0293494 0.8984877 -0.0336954 -0.4367186
104.893000 9.9514542 -0.3100829 0.7541604 0.0312107 0.9045437 -0.0353437 -0.4237658
105.204100 9.9331341 -0.3110903 0.7376676 0.0316978 0.9110491 -0.0349536 -0.4095889
105.515300 9.9125481 -0.3123582 0.7182779 0.0361593 0.9167479 -0.0330822 -0.3964483
105.826500 9.8905811 -0.3134784 0.6960430 0.0346923 0.9212198 -0.0273409 -0.3865269
106.034100 9.8748951 -0.3141811 0.6797967 0.0312086 0.9226101 -0.0252272 -0.3836406
106.241700 9.8583260 -0.3147070 0.6630421 0.0301027 0.9236689 -0.0239604 -0.3812552
106.449200 9.8407145 -0.3156282 0.6451693 0.0309326 0.9241802 -0.0243972 -0.3799196
106.656800 9.8228073 -0.3163755 0.6262646 0.0221677 0.9250064 -0.0278665 -0.3782793
106.968000 9.7937050 -0.3181508 0.5964766 0.0252911 0.9256759 -0.0301394 -0.3762660
107.382900 9.7527218 -0.3207172 0.5531888 0.0252681 0.9273741 -0.0266335 -0.3723299
107.693900 9.7203484 -0.3226256 0.5185552 0.0287371 0.9300641 -0.0265801 -0.3653060
108.005000 9.6878548 -0.3246605 0.4826965 0.0309915 0.9325962 -0.0277770 -0.3585140
108.212500 9.6667080 -0.3262212 0.4587412 0.0286323 0.9332635 -0.0299085 -0.3567982
108.523700 9.6349764 -0.3289005 0.4227233 0.0240152 0.9325587 -0.0296197 -0.3589990
108.835100 9.6024551 -0.3313174 0.3872137 0.0265316 0.9314414 -0.0293669 -0.3617327
109.042600 9.5806255 -0.3328764 0.3634477 0.0258074 0.9304576 -0.0312099 -0.3641545
109.457600 9.5363493 -0.3364479 0.3162556 0.0260393 0.9285154 -0.0313703 -0.3690488
109.665000 9.5139742 -0.3381169 0.2926002 0.0259174 0.9274774 -0.0334566 -0.3714762
109.976100 9.4796925 -0.3408826 0.2568631 0.0256343 0.9272217 -0.0321418 -0.3722495
110.079700 9.4682484 -0.3419099 0.2447772 0.0255999 0.9272137 -0.0324368 -0.3722462
110.183500 9.4567242 -0.3428667 0.2326183 0.0245997 0.9272895 -0.0326171 -0.3721090
110.390900 9.4338045 -0.3447644 0.2084241 0.0248454 0.9277651 -0.0330841 -0.3708639
110.494600 9.4222317 -0.3457844 0.1963277 0.0253045 0.9280754 -0.0332321 -0.3700424
110.702000 9.3994789 -0.3478115 0.1721010 0.0235722 0.9286380 -0.0358086 -0.3685018
110.909200 9.3766804 -0.3498687 0.1472197 0.0229221 0.9294508 -0.0347039 -0.3665945
111.116600 9.3539333 -0.3519632 0.1227603 0.0240220 0.9305549 -0.0319247 -0.3639661
111.324000 9.3314486 -0.3539819 0.0981750 0.0246297 0.9312246 -0.0331226 -0.3621009
111.531400 9.3090572 -0.3561475 0.0736279 0.0258178 0.9320123 -0.0344845 -0.3598574
111.738700 9.2872171 -0.3582599 0.0493484 0.0246964 0.9326196 -0.0365641 -0.3581532
111.842400 9.2763939 -0.3592646 0.0371337 0.0245551 0.9330125 -0.0361834 -0.3571771
112.049700 9.2546406 -0.3614578 0.0129457 0.0254280 0.9338109 -0.0316210 -0.3554585
112.257100 9.2337036 -0.3633109 -0.0110478 0.0211876 0.9335326 -0.0328033 -0.3563592
112.464600 9.2129860 -0.3653169 -0.0344062 0.0225426 0.9325776 -0.0354023 -0.3585215
112.672000 9.1917820 -0.3674593 -0.0573826 0.0269246 0.9317123 -0.0367829 -0.3603251
112.879400 9.1711988 -0.3694124 -0.0798235 0.0284087 0.9309233 -0.0376980 -0.3621513
113.086700 9.1513271 -0.3716197 -0.1017246 0.0254984 0.9299140 -0.0392371 -0.3647879
113.294100 9.1323700 -0.3738374 -0.1225781 0.0202945 0.9287634 -0.0457941 -0.3672732
113.501500 9.1140175 -0.3763741 -0.1422691 0.0197374 0.9282606 -0.0442911 -0.3687560
113.709000 9.0966892 -0.3785874 -0.1603374 0.0236252 0.9280003 -0.0442561 -0.3691866
113.916400 9.0808992 -0.3805833 -0.1768303 0.0257989 0.9275987 -0.0494306 -0.3693938
114.227600 9.0597172 -0.3836387 -0.1993618 0.0243613 0.9276559 -0.0488899 -0.3694197
114.746300 9.0294037 -0.3880278 -0.2321520 0.0192642 0.9275063 -0.0505888 -0.3698671
115.161100 9.0075321 -0.3911346 -0.2556219 0.0180890 0.9272469 -0.0475659 -0.3709763
115.783500 8.9780846 -0.3950871 -0.2862024 0.0233519 0.9265842 -0.0505583 -0.3719412
116.405600 8.9535236 -0.3988413 -0.3116465 0.0254594 0.9271708 -0.0577662 -0.3692821
116.820500 8.9403267 -0.4006955 -0.3262954 0.0222044 0.9291889 -0.0589641 -0.3641952
117.442900 8.9258242 -0.4033519 -0.3424602 0.0218563 0.9312294 -0.0606220 -0.3586908
117.754000 8.9203587 -0.4042997 -0.3485460 0.0208477 0.9307940 -0.0625158 -0.3595548
118.168900 8.9144211 -0.4053320 -0.3550344 0.0204300 0.9309716 -0.0638927 -0.3588765
118.479900 8.9109745 -0.4059339 -0.3590527 0.0180583 0.9311575 -0.0644245 -0.3584259
118.998500 8.9063063 -0.4068259 -0.3641992 0.0180684 0.9314870 -0.0653144 -0.3574066
119.828100 8.9016056 -0.4076564 -0.3694377 0.0182919 0.9317007 -0.0669682 -0.3565312
120.450200 8.9000435 -0.4079559 -0.3711724 0.0175823 0.9318285 -0.0673851 -0.3561542
121.798200 8.8959265 -0.4087653 -0.3759499 0.0170232 0.9317936 -0.0678696 -0.3561806
122.005600 8.8946762 -0.4090154 -0.3774204 0.0166683 0.9317643 -0.0677237 -0.3563017
122.628000 8.8891239 -0.4099928 -0.3833632 0.0170403 0.9319040 -0.0682664 -0.3558150
123.042600 8.8845463 -0.4108788 -0.3884850 0.0166394 0.9320419 -0.0674209 -0.3556338
123.250000 8.8820505 -0.4113427 -0.3912258 0.0172211 0.9319434 -0.0682829 -0.3556999
123.561000 8.8779716 -0.4121200 -0.3955393 0.0194004 0.9319552 -0.0687500 -0.3554668
123.872100 8.8742580 -0.4129476 -0.3996854 0.0205874 0.9319299 -0.0681671 -0.3555786
124.183200 8.8711042 -0.4135640 -0.4033685 0.0206264 0.9319699 -0.0680315 -0.3554975
124.494400 8.8685322 -0.4141060 -0.4062819 0.0208263 0.9322782 -0.0668025 -0.3549098
