1.559353 0.0000000 0.0000000 0.0000000 0.0000000 0.0000000 0.0000000 1.0000000
1.767351 -0.0000704 -0.0016013 0.0533262 0.0015640 0.0021034 -0.0010735 0.9999960
1.871356 -0.0002496 -0.0020717 0.0771244 0.0020541 0.0036780 -0.0031944 0.9999861
1.975354 -0.0005305 -0.0025427 0.0989727 0.0015506 0.0056128 -0.0035174 0.9999769
2.079357 0.0004644 -0.0028766 0.1186383 0.0013976 0.0069696 -0.0014243 0.9999737
2.287229 0.0022168 -0.0037859 0.1530932 0.0007870 0.0095732 0.0027775 0.9999500
2.599102 0.0030111 -0.0047764 0.1919167 0.0015635 0.0131267 0.0021109 0.9999104
2.807134 0.0031897 -0.0057167 0.2128665 0.0021701 0.0152208 -0.0004480 0.9998817
3.014982 0.0038034 -0.0063783 0.2320417 0.0037398 0.0169853 -0.0006516 0.9998485
3.223003 0.0043598 -0.0070091 0.2497008 0.0049262 0.0186105 0.0003569 0.9998146
3.638730 0.0055815 -0.0077860 0.2810704 0.0090322 0.0209549 0.0001576 0.9997396
3.846729 0.0062014 -0.0086686 0.2967240 0.0103814 0.0197117 0.0008510 0.9997514
4.574104 0.0045197 -0.0100314 0.3524821 0.0140272 -0.0026753 0.0006423 0.9998978
4.989228 -0.0011881 -0.0114525 0.3927327 0.0160720 -0.0378152 0.0008796 0.9991551
5.196627 -0.0065912 -0.0126894 0.4185635 0.0145820 -0.0632958 -0.0000519 0.9978883
5.403733 -0.0152131 -0.0132832 0.4483083 0.0122597 -0.0951060 -0.0007170 0.9953914
5.714602 -0.0349533 -0.0151264 0.4968104 0.0055369 -0.1555656 -0.0039472 0.9878021
6.025500 -0.0652791 -0.0164980 0.5482165 -0.0021953 -0.2226253 -0.0076035 0.9748719
6.232877 -0.0909345 -0.0167104 0.5830681 -0.0065750 -0.2704039 -0.0109887 0.9626618
6.440381 -0.1210897 -0.0162157 0.6156225 -0.0074739 -0.3202840 -0.0136714 0.9471934
6.647753 -0.1578548 -0.0156034 0.6498255 -0.0095651 -0.3720565 -0.0164627 0.9280148
6.958977 -0.2267269 -0.0132778 0.6987250 -0.0129422 -0.4471789 -0.0141309 0.8942392
7.166664 -0.2810093 -0.0122292 0.7270961 -0.0156308 -0.4958603 -0.0132877 0.8681599
