0.000000 0.0000000 0.0000000 0.0000000 0.0000000 0.0000000 0.0000000 1.0000000
0.310908 0.0015068 -0.0005632 0.0427829 0.0001680 0.0102207 0.0037555 0.9999407
0.414483 0.0019001 -0.0006308 0.0575097 0.0009410 0.0091333 0.0044839 0.9999478
0.518120 0.0020762 -0.0006309 0.0725512 0.0016925 0.0057163 0.0057760 0.9999655
0.725215 0.0008715 -0.0012279 0.1035707 0.0026279 -0.0086393 0.0061631 0.9999402
0.932502 -0.0025063 -0.0017200 0.1363381 0.0032148 -0.0282023 0.0020087 0.9995950
1.036104 -0.0046887 -0.0020490 0.1534176 0.0033202 -0.0381593 0.0021156 0.9992639
1.243510 -0.0094771 -0.0025890 0.1894134 0.0024798 -0.0586734 0.0036383 0.9982675
1.451124 -0.0164361 -0.0031181 0.2278462 0.0018524 -0.0754909 0.0023756 0.9971420
1.659233 -0.0245337 -0.0038704 0.2683198 0.0022267 -0.0884115 0.0026651 0.9960780
1.867090 -0.0334935 -0.0045248 0.3113547 0.0041196 -0.0970421 0.0039128 0.9952641
2.076388 -0.0435381 -0.0051390 0.3571818 0.0064637 -0.1050667 0.0037110 0.9944372
2.283102 -0.0542721 -0.0062192 0.4054191 0.0073290 -0.1130301 0.0087289 0.9935262
2.491106 -0.0677133 -0.0076972 0.4552211 0.0108644 -0.1217410 0.0065298 0.9924809
2.699213 -0.0822192 -0.0094713 0.5075232 0.0132067 -0.1306519 0.0060519 0.9913219
2.907234 -0.0984463 -0.0115802 0.5619703 0.0154239 -0.1389907 0.0065801 0.9901517
3.115221 -0.1160308 -0.0142949 0.6184849 0.0197097 -0.1471190 0.0059653 0.9889044
3.323567 -0.1350618 -0.0173952 0.6772833 0.0277360 -0.1522207 0.0059445 0.9879394
3.531593 -0.1554679 -0.0214880 0.7377754 0.0368278 -0.1564246 0.0043321 0.9869936
3.742035 -0.1775315 -0.0269302 0.8002336 0.0442682 -0.1610072 0.0012725 0.9859591
3.947360 -0.2007323 -0.0336312 0.8647521 0.0503416 -0.1660157 -0.0014282 0.9848363
4.155286 -0.2262212 -0.0409850 0.9325631 0.0528884 -0.1710687 -0.0035585 0.9838321
4.363183 -0.2516568 -0.0488757 1.0002784 0.0519152 -0.1775467 -0.0045001 0.9827318
4.571450 -0.2796396 -0.0563318 1.0686597 0.0496805 -0.1850830 -0.0050268 0.9814535
4.778763 -0.3097651 -0.0639115 1.1396544 0.0448165 -0.1937553 -0.0077527 0.9799951
5.090371 -0.3583435 -0.0741670 1.2480541 0.0421103 -0.2079539 -0.0095456 0.9771851
5.298151 -0.3931049 -0.0809911 1.3223882 0.0409023 -0.2171446 -0.0102694 0.9752281
5.505885 -0.4302384 -0.0875593 1.3973519 0.0374057 -0.2256196 -0.0094120 0.9734516
5.713619 -0.4697094 -0.0936210 1.4744102 0.0326977 -0.2339746 -0.0099958 0.9716413
5.921350 -0.5114297 -0.0990792 1.5527016 0.0310345 -0.2413078 -0.0085721 0.9699144
6.129103 -0.5551082 -0.1046616 1.6320957 0.0294366 -0.2475792 -0.0083397 0.9683844
6.336918 -0.6008247 -0.1099544 1.7129755 0.0294721 -0.2522711 -0.0071054 0.9671816
6.545512 -0.6479189 -0.1159507 1.7957194 0.0290653 -0.2542782 -0.0069175 0.9666695
6.752638 -0.6977392 -0.1221851 1.8809421 0.0272725 -0.2546438 -0.0057247 0.9666333
6.960403 -0.7478549 -0.1275658 1.9681544 0.0277228 -0.2563562 -0.0041378 0.9661759
7.168161 -0.7999733 -0.1331805 2.0561426 0.0249240 -0.2596964 -0.0041299 0.9653598
7.375748 -0.8533413 -0.1387000 2.1444781 0.0216310 -0.2662071 -0.0029169 0.9636687
7.583886 -0.9070873 -0.1448288 2.2314987 0.0234022 -0.2767744 0.0003571 0.9606498
7.790766 -0.9627432 -0.1502098 2.3169048 0.0205788 -0.2874517 -0.0001679 0.9575740
7.998481 -1.0213226 -0.1553437 2.4022269 0.0199446 -0.2953378 -0.0027091 0.9551808
8.206229 -1.0802135 -0.1606548 2.4847703 0.0258654 -0.3006148 -0.0024708 0.9533916
8.413979 -1.1400688 -0.1666585 2.5679972 0.0245141 -0.3059719 -0.0025003 0.9517216
8.725744 -1.2314425 -0.1740174 2.6911709 0.0214608 -0.3134334 -0.0041165 0.9493587
8.829907 -1.2621000 -0.1766901 2.7319214 0.0222390 -0.3163144 -0.0039762 0.9483854
9.038033 -1.3243539 -0.1820146 2.8120251 0.0231934 -0.3227191 -0.0020722 0.9462083
9.244879 -1.3886946 -0.1873304 2.8920414 0.0224426 -0.3298299 -0.0020196 0.9437714
9.452542 -1.4548496 -0.1926231 2.9723134 0.0231721 -0.3378080 -0.0007282 0.9409295
9.659968 -1.5230885 -0.1985379 3.0514588 0.0240963 -0.3459270 -0.0001270 0.9379519
9.869005 -1.5916948 -0.2044699 3.1295137 0.0241030 -0.3547654 0.0013818 0.9346436
9.971133 -1.6275327 -0.2069233 3.1684811 0.0232434 -0.3591063 0.0018878 0.9330053
10.178630 -1.6991372 -0.2129333 3.2446566 0.0229590 -0.3678527 0.0028480 0.9295962
10.386180 -1.7728648 -0.2188174 3.3221457 0.0236677 -0.3766381 0.0034894 0.9260515
10.593630 -1.8501942 -0.2254040 3.3986475 0.0232066 -0.3832792 0.0028828 0.9233364
10.801110 -1.9286208 -0.2318610 3.4746759 0.0248971 -0.3899539 0.0035698 0.9204909
11.008770 -2.0091152 -0.2383635 3.5492687 0.0266148 -0.3961355 0.0038739 0.9177980
11.216240 -2.0907893 -0.2450249 3.6245439 0.0253995 -0.4024453 0.0038653 0.9150835
11.423780 -2.1748850 -0.2512066 3.6988914 0.0255661 -0.4084363 0.0051703 0.9124141
11.631420 -2.2592850 -0.2583478 3.7724223 0.0248149 -0.4133934 0.0061225 0.9101937
11.839050 -2.3456368 -0.2655559 3.8469033 0.0252908 -0.4184323 0.0099584 0.9078411
12.149860 -2.4781399 -0.2769651 3.9567122 0.0229486 -0.4298060 0.0171211 0.9024672
12.357360 -2.5696731 -0.2842321 4.0283384 0.0205293 -0.4400768 0.0179284 0.8975464
12.668390 -2.7106242 -0.2952156 4.1304722 0.0222362 -0.4555675 0.0187786 0.8897253
12.875730 -2.8075719 -0.3035275 4.1964874 0.0210288 -0.4660037 0.0204081 0.8842974
13.083110 -2.9064264 -0.3110507 4.2614946 0.0205692 -0.4768289 0.0209920 0.8785047
13.290730 -3.0066729 -0.3191807 4.3240819 0.0213641 -0.4873893 0.0215640 0.8726570
13.498010 -3.1084690 -0.3275989 4.3842177 0.0222547 -0.4974516 0.0214748 0.8669403
13.705510 -3.2125170 -0.3355976 4.4425659 0.0202329 -0.5057381 0.0205985 0.8622037
13.912900 -3.3178563 -0.3437383 4.4988213 0.0205801 -0.5130819 0.0222785 0.8578036
14.120270 -3.4235287 -0.3525179 4.5538635 0.0212942 -0.5192839 0.0257297 0.8539490
14.224500 -3.4762712 -0.3571470 4.5813255 0.0219002 -0.5219674 0.0271080 0.8522533
14.431260 -3.5833132 -0.3661899 4.6354985 0.0190039 -0.5263201 0.0280406 0.8496115
14.538380 -3.6365294 -0.3708892 4.6617370 0.0163993 -0.5279648 0.0285713 0.8486271
14.742390 -3.7426853 -0.3795311 4.7139788 0.0143134 -0.5311696 0.0294388 0.8466330
14.846120 -3.7954130 -0.3832650 4.7394176 0.0130910 -0.5323071 0.0299682 0.8459194
15.053740 -3.9018157 -0.3910691 4.7904153 0.0111677 -0.5346709 0.0315331 0.8443980
15.261240 -4.0063229 -0.3991552 4.8393569 0.0083918 -0.5367021 0.0326562 0.8430979
15.468850 -4.1109447 -0.4066615 4.8872666 0.0067816 -0.5382853 0.0340767 0.8420462
15.676510 -4.2125773 -0.4139708 4.9329176 0.0075834 -0.5387188 0.0346463 0.8417388
15.884100 -4.3097205 -0.4205407 4.9772835 0.0092000 -0.5375336 0.0344810 0.8424869
16.091900 -4.4036694 -0.4282140 5.0207720 0.0111717 -0.5330606 0.0331484 0.8453537
16.299500 -4.4940414 -0.4354923 5.0651836 0.0114084 -0.5274068 0.0321805 0.8489265
16.507260 -4.5823030 -0.4422721 5.1097808 0.0114640 -0.5193226 0.0311629 0.8539330
16.714990 -4.6714768 -0.4482882 5.1578693 0.0126752 -0.5102868 0.0311785 0.8593455
16.922750 -4.7546020 -0.4554791 5.2034464 0.0158146 -0.4992988 0.0299523 0.8657675
17.130540 -4.8392930 -0.4631791 5.2537379 0.0154661 -0.4865725 0.0269448 0.8730876
17.338110 -4.9211531 -0.4699962 5.3060484 0.0147610 -0.4741062 0.0254021 0.8799773
17.545790 -5.0013890 -0.4765901 5.3597460 0.0157765 -0.4614361 0.0253066 0.8866721
17.753120 -5.0784326 -0.4837642 5.4155970 0.0154353 -0.4492848 0.0251914 0.8929000
17.960530 -5.1527481 -0.4898712 5.4722896 0.0131312 -0.4375788 0.0236040 0.8987743
18.167890 -5.2239985 -0.4958763 5.5291533 0.0139311 -0.4257370 0.0212725 0.9044896
18.375420 -5.2913351 -0.5011165 5.5862484 0.0149741 -0.4147917 0.0204486 0.9095634
18.479100 -5.3241043 -0.5038752 5.6154442 0.0140218 -0.4093678 0.0196948 0.9120491
18.686620 -5.3888083 -0.5086901 5.6743550 0.0126998 -0.3989376 0.0194015 0.9166849
18.894080 -5.4511862 -0.5133958 5.7342606 0.0130621 -0.3895052 0.0184048 0.9207477
19.101510 -5.5121984 -0.5176784 5.7951069 0.0110849 -0.3801950 0.0163652 0.9246951
19.205270 -5.5419197 -0.5196487 5.8250036 0.0110395 -0.3753311 0.0155565 0.9266945
19.412890 -5.5986223 -0.5238985 5.8847446 0.0109011 -0.3648994 0.0137293 0.9308819
19.620500 -5.6532774 -0.5274884 5.9450021 0.0086542 -0.3521286 0.0113019 0.9358433
19.828250 -5.7045240 -0.5312577 6.0052414 0.0092581 -0.3377407 0.0092080 0.9411486
20.035950 -5.7534642 -0.5343120 6.0669432 0.0100935 -0.3227173 0.0092285 0.9463966
20.243550 -5.7989683 -0.5370289 6.1285977 0.0081757 -0.3068157 0.0082320 0.9516982
20.451300 -5.8430195 -0.5395275 6.1925225 0.0057240 -0.2912049 0.0075178 0.9566140
20.658750 -5.8845325 -0.5418864 6.2572923 0.0037925 -0.2778439 0.0077975 0.9605871
20.868590 -5.9248452 -0.5434614 6.3233352 0.0038923 -0.2655892 0.0071783 0.9640517
21.074000 -5.9641366 -0.5455391 6.3910551 0.0036468 -0.2531707 0.0055854 0.9673986
21.281800 -6.0016236 -0.5473791 6.4604287 0.0039619 -0.2422898 0.0067042 0.9701727
21.488760 -6.0385170 -0.5492909 6.5315690 0.0039190 -0.2341840 0.0064528 0.9721630
21.696840 -6.0758266 -0.5511639 6.6057925 0.0005554 -0.2274801 0.0039480 0.9737746
21.903660 -6.1127501 -0.5521381 6.6815190 -0.0014834 -0.2202526 0.0017195 0.9754402
22.214990 -6.1677232 -0.5525090 6.8000937 -0.0047651 -0.2086421 0.0008628 0.9779801
22.526370 -6.2206993 -0.5529935 6.9244623 -0.0055378 -0.1952574 0.0022832 0.9807338
22.837890 -6.2726793 -0.5528248 7.0558615 -0.0031021 -0.1770915 0.0025552 0.9841862
23.149820 -6.3170114 -0.5535443 7.1885090 -0.0053037 -0.1486385 -0.0025818 0.9888740
23.461620 -6.3550591 -0.5534449 7.3317528 -0.0077212 -0.1157456 -0.0045022 0.9932387
23.773430 -6.3849840 -0.5520033 7.4830828 -0.0130616 -0.0816523 -0.0074760 0.9965472
24.085120 -6.4066267 -0.5485562 7.6424809 -0.0113949 -0.0486732 -0.0086577 0.9987122
24.396610 -6.4173589 -0.5464541 7.8073702 -0.0139638 -0.0182185 -0.0089616 0.9996964
24.708120 -6.4186888 -0.5436135 7.9754701 -0.0144918 0.0127029 -0.0116903 0.9997460
25.019370 -6.4083939 -0.5406511 8.1524973 -0.0117194 0.0418252 -0.0137003 0.9989623
25.330500 -6.3881583 -0.5387869 8.3369865 -0.0068384 0.0704553 -0.0147127 0.9973830
25.641640 -6.3567209 -0.5404514 8.5228825 0.0004597 0.0970425 -0.0171538 0.9951323
25.952760 -6.3149118 -0.5434572 8.7122545 0.0018419 0.1237322 -0.0177291 0.9921556
26.264020 -6.2623005 -0.5482203 8.9059210 0.0061758 0.1495944 -0.0189978 0.9885457
26.575260 -6.1979380 -0.5536594 9.0990229 0.0095455 0.1767049 -0.0214006 0.9839849
26.886640 -6.1225905 -0.5619822 9.2923355 0.0158030 0.2053335 -0.0227693 0.9782996
27.198240 -6.0318136 -0.5741248 9.4819059 0.0179260 0.2430741 -0.0276541 0.9694477
27.509940 -5.9247308 -0.5871276 9.6702700 0.0210261 0.2840933 -0.0313276 0.9580540
27.821250 -5.8030314 -0.6038517 9.8491020 0.0264612 0.3237609 -0.0324433 0.9452122
28.028750 -5.7126884 -0.6159596 9.9642391 0.0293653 0.3478744 -0.0332298 0.9364918
28.340050 -5.5657706 -0.6358967 10.1263103 0.0324858 0.3795513 -0.0323570 0.9240338
28.547500 -5.4615555 -0.6502258 10.2283230 0.0366105 0.3985303 -0.0325662 0.9158453
28.754980 -5.3514585 -0.6654410 10.3268757 0.0384124 0.4168228 -0.0325489 0.9075923
28.962310 -5.2376451 -0.6823248 10.4228020 0.0365715 0.4364791 -0.0340928 0.8983241
29.169630 -5.1219559 -0.6979802 10.5114670 0.0344620 0.4560603 -0.0362941 0.8885404
29.376900 -5.0039883 -0.7149665 10.5940733 0.0347809 0.4751903 -0.0396603 0.8783004
29.584410 -4.8842478 -0.7316062 10.6706533 0.0323564 0.4959152 -0.0402939 0.8668319
29.791760 -4.7592134 -0.7472380 10.7422905 0.0296946 0.5170938 -0.0400890 0.8544736
29.999280 -4.6384730 -0.7626080 10.8028460 0.0286628 0.5373267 -0.0398762 0.8419432
30.206740 -4.5146976 -0.7773651 10.8578472 0.0298489 0.5564821 -0.0390956 0.8294024
30.414180 -4.3912926 -0.7925636 10.9054947 0.0304499 0.5748238 -0.0371380 0.8168667
30.621900 -4.2687902 -0.8078077 10.9467468 0.0318084 0.5920218 -0.0387673 0.8043603
30.829180 -4.1460085 -0.8237503 10.9830246 0.0369376 0.6075496 -0.0455298 0.7921150
31.036690 -4.0251474 -0.8404710 11.0140667 0.0360708 0.6234514 -0.0494273 0.7794641
31.244130 -3.9041166 -0.8572914 11.0396252 0.0332229 0.6386534 -0.0522693 0.7669981
31.451710 -3.7849202 -0.8737825 11.0595951 0.0319114 0.6531254 -0.0525484 0.7547500
31.659170 -3.6674685 -0.8896686 11.0753651 0.0317610 0.6670967 -0.0557537 0.7422026
31.866620 -3.5506773 -0.9059384 11.0868568 0.0308343 0.6803570 -0.0561143 0.7300786
32.075790 -3.4346251 -0.9215123 11.0933676 0.0284880 0.6912211 -0.0530090 0.7201332
32.281410 -3.3228548 -0.9365798 11.0974836 0.0278814 0.6996669 -0.0514938 0.7120655
32.592540 -3.1602552 -0.9586268 11.1005020 0.0300823 0.7070083 -0.0553953 0.7043903
32.799930 -3.0546148 -0.9738411 11.1001167 0.0333862 0.7101148 -0.0600323 0.7007271
33.007250 -2.9495358 -0.9884992 11.0990772 0.0275355 0.7128118 -0.0531364 0.6987973
33.214750 -2.8473725 -1.0019870 11.0976248 0.0269294 0.7131866 -0.0525633 0.6984817
33.422000 -2.7467432 -1.0151829 11.0967932 0.0284045 0.7121349 -0.0551777 0.6992943
33.629370 -2.6470759 -1.0288084 11.0966272 0.0278467 0.7102183 -0.0572325 0.7010984
33.836860 -2.5487809 -1.0419582 11.0975132 0.0274301 0.7071277 -0.0590684 0.7040802
34.044850 -2.4516304 -1.0550495 11.0987597 0.0267084 0.7025505 -0.0581558 0.7087505
34.251630 -2.3553758 -1.0680707 11.1012669 0.0278629 0.6974014 -0.0570698 0.7138613
34.459140 -2.2592034 -1.0805647 11.1056824 0.0270018 0.6926470 -0.0570635 0.7185087
34.770400 -2.1162758 -1.0995766 11.1142941 0.0256398 0.6852614 -0.0558086 0.7257030
34.977900 -2.0218616 -1.1118262 11.1218042 0.0272274 0.6803374 -0.0567941 0.7301877
35.185510 -1.9273679 -1.1240674 11.1306753 0.0268975 0.6753092 -0.0586564 0.7347063
35.393080 -1.8331767 -1.1366932 11.1402884 0.0254002 0.6702595 -0.0580732 0.7394150
35.600660 -1.7397918 -1.1490782 11.1512461 0.0247343 0.6654463 -0.0566714 0.7438802
35.808130 -1.6466773 -1.1610940 11.1634455 0.0262987 0.6600915 -0.0562274 0.7486161
36.015630 -1.5550030 -1.1731023 11.1771717 0.0286448 0.6531377 -0.0564436 0.7545891
36.223240 -1.4625847 -1.1853513 11.1927671 0.0282814 0.6465067 -0.0565105 0.7602866
36.430690 -1.3697643 -1.1975507 11.2099524 0.0264947 0.6430514 -0.0570800 0.7632331
36.638140 -1.2757440 -1.2094223 11.2276049 0.0277611 0.6408761 -0.0580618 0.7649419
36.845830 -1.1800077 -1.2221931 11.2453775 0.0286596 0.6384592 -0.0568393 0.7670187
37.053350 -1.0844120 -1.2343545 11.2645626 0.0294633 0.6357619 -0.0572444 0.7691956
37.260770 -0.9871995 -1.2468138 11.2843323 0.0286223 0.6330506 -0.0539586 0.7716969
37.468260 -0.8917563 -1.2584118 11.3050184 0.0296060 0.6292908 -0.0534724 0.7747627
37.675750 -0.7982991 -1.2708257 11.3267784 0.0306265 0.6243289 -0.0530215 0.7787582
37.884310 -0.7017810 -1.2829244 11.3499298 0.0305854 0.6181394 -0.0517489 0.7837667
38.090970 -0.6067076 -1.2951205 11.3751011 0.0333317 0.6100208 -0.0502247 0.7900893
38.298280 -0.5116770 -1.3072623 11.4025059 0.0323345 0.6009569 -0.0488714 0.7971303
38.505750 -0.4181569 -1.3195029 11.4325914 0.0319265 0.5921960 -0.0498067 0.8036193
38.713300 -0.3255205 -1.3315103 11.4640818 0.0320754 0.5832052 -0.0514519 0.8100590
38.920770 -0.2342849 -1.3434052 11.4972095 0.0300097 0.5750468 -0.0520066 0.8159142
39.232130 -0.0963774 -1.3610868 11.5499992 0.0277851 0.5646507 -0.0511711 0.8232735
39.439710 -0.0070400 -1.3724350 11.5868092 0.0279901 0.5576321 -0.0519722 0.8279867
39.647300 0.0800858 -1.3833793 11.6253052 0.0276362 0.5505313 -0.0529025 0.8326781
39.854900 0.1670642 -1.3946092 11.6649046 0.0266670 0.5427610 -0.0513891 0.8378893
40.063320 0.2513008 -1.4054346 11.7047396 0.0239249 0.5350493 -0.0491186 0.8430523
40.270040 0.3340707 -1.4151435 11.7464628 0.0225867 0.5270705 -0.0499923 0.8480492
40.477820 0.4159894 -1.4245486 11.7899351 0.0207304 0.5193332 -0.0501748 0.8528457
40.685040 0.4969826 -1.4338108 11.8346682 0.0209278 0.5113468 -0.0498916 0.8576697
40.892540 0.5771203 -1.4426545 11.8807983 0.0207912 0.5032672 -0.0496734 0.8624514
41.100140 0.6563454 -1.4517150 11.9280367 0.0186209 0.4964605 -0.0481058 0.8665253
41.307630 0.7365689 -1.4599760 11.9771309 0.0160779 0.4919878 -0.0472835 0.8691685
41.515430 0.8163948 -1.4679625 12.0267954 0.0129590 0.4892432 -0.0457997 0.8708476
41.723100 0.8963971 -1.4754245 12.0770121 0.0128768 0.4874588 -0.0454870 0.8718653
41.930550 0.9768872 -1.4831710 12.1278467 0.0144668 0.4859026 -0.0456154 0.8727019
42.138180 1.0588045 -1.4909612 12.1795063 0.0138267 0.4842651 -0.0430776 0.8737507
42.345760 1.1404214 -1.4982679 12.2311535 0.0118407 0.4830040 -0.0406299 0.8745949
42.553870 1.2222562 -1.5052881 12.2832680 0.0101329 0.4820618 -0.0393709 0.8751935
42.864650 1.3438883 -1.5154039 12.3619213 0.0076805 0.4812306 -0.0394122 0.8756739
43.072130 1.4255986 -1.5215939 12.4151630 0.0052827 0.4808366 -0.0379136 0.8759742
43.383520 1.5487351 -1.5297389 12.4948616 0.0035624 0.4792148 -0.0363383 0.8769378
43.694790 1.6697721 -1.5375276 12.5745544 0.0016015 0.4761717 -0.0350543 0.8786519
43.902170 1.7502279 -1.5421368 12.6288567 -0.0003063 0.4733998 -0.0335882 0.8802070
44.109610 1.8300343 -1.5466914 12.6831570 -0.0017854 0.4677502 -0.0311509 0.8833098
44.316920 1.9082198 -1.5505865 12.7384872 -0.0015567 0.4612197 -0.0307554 0.8867514
44.524290 1.9856119 -1.5541983 12.7952557 -0.0034587 0.4543465 -0.0302531 0.8903044
44.731960 2.0611382 -1.5573568 12.8530540 -0.0051529 0.4467728 -0.0282167 0.8941875
44.940270 2.1352644 -1.5601062 12.9116325 -0.0039273 0.4369355 -0.0267939 0.8990851
45.148480 2.2098713 -1.5631961 12.9729223 -0.0041405 0.4262552 -0.0250690 0.9042460
45.354340 2.2827959 -1.5650883 13.0375347 -0.0066023 0.4156355 -0.0243844 0.9091803
45.665520 2.3904157 -1.5679734 13.1360836 -0.0103393 0.3992406 -0.0217879 0.9165289
45.976640 2.4966006 -1.5693882 13.2405539 -0.0121718 0.3822452 -0.0157735 0.9238461
46.184260 2.5657663 -1.5694696 13.3134708 -0.0131351 0.3692780 -0.0129779 0.9291355
46.495210 2.6667500 -1.5687447 13.4280357 -0.0155155 0.3497639 -0.0103756 0.9366519
46.702650 2.7331471 -1.5676675 13.5083590 -0.0170207 0.3366628 -0.0091567 0.9414269
46.910140 2.7969089 -1.5663354 13.5905857 -0.0183436 0.3255008 -0.0105794 0.9453046
47.117660 2.8598876 -1.5648117 13.6748934 -0.0190640 0.3161831 -0.0126788 0.9484219
47.325510 2.9217544 -1.5632300 13.7614517 -0.0203904 0.3072114 -0.0145720 0.9513112
47.532920 2.9823470 -1.5611551 13.8502026 -0.0246637 0.2991405 -0.0178827 0.9537227
47.740580 3.0419531 -1.5585586 13.9406061 -0.0275113 0.2924449 -0.0214634 0.9556456
47.948270 3.1014252 -1.5559051 14.0321445 -0.0267098 0.2883225 -0.0244868 0.9568475
48.156010 3.1605453 -1.5533638 14.1244440 -0.0224065 0.2864444 -0.0285852 0.9574082
48.364330 3.2208228 -1.5514758 14.2186403 -0.0228266 0.2856909 -0.0287864 0.9576173
48.571420 3.2811165 -1.5509887 14.3120270 -0.0232250 0.2849189 -0.0279967 0.9578612
48.778960 3.3410602 -1.5493054 14.4057570 -0.0218259 0.2837510 -0.0274203 0.9582574
48.986440 3.4008117 -1.5479116 14.5000391 -0.0212765 0.2816075 -0.0265515 0.9589263
49.193760 3.4604168 -1.5467820 14.5951195 -0.0215525 0.2761941 -0.0250035 0.9605348
49.401170 3.5182521 -1.5457335 14.6911774 -0.0215415 0.2665003 -0.0232146 0.9633144
49.608640 3.5732200 -1.5438535 14.7882252 -0.0216165 0.2542939 -0.0236374 0.9665964
49.816010 3.6257985 -1.5421424 14.8867283 -0.0231365 0.2414275 -0.0240987 0.9698436
50.023270 3.6751275 -1.5408151 14.9867630 -0.0244755 0.2287250 -0.0233837 0.9729024
50.230760 3.7220969 -1.5378088 15.0875673 -0.0250058 0.2154580 -0.0239706 0.9758986
50.438290 3.7657886 -1.5355732 15.1890345 -0.0251135 0.2021842 -0.0271989 0.9786476
50.645900 3.8061748 -1.5329640 15.2916374 -0.0260520 0.1919824 -0.0318134 0.9805366
50.853640 3.8458180 -1.5303303 15.3945456 -0.0261062 0.1855649 -0.0327945 0.9817376
51.061270 3.8851280 -1.5279121 15.4972343 -0.0254480 0.1806836 -0.0309147 0.9827259
51.165140 3.9042878 -1.5266998 15.5490112 -0.0250951 0.1781770 -0.0300669 0.9832188
51.268910 3.9228926 -1.5255727 15.6003599 -0.0242726 0.1755045 -0.0294947 0.9837373
51.476390 3.9587562 -1.5235250 15.7028065 -0.0224831 0.1702008 -0.0297358 0.9847040
51.580140 3.9761808 -1.5225077 15.7543364 -0.0222207 0.1671302 -0.0300370 0.9852266
51.787640 4.0098138 -1.5201690 15.8581810 -0.0248540 0.1601624 -0.0308058 0.9862968
51.995010 4.0424852 -1.5179214 15.9611340 -0.0254678 0.1540516 -0.0308277 0.9872534
52.202390 4.0740056 -1.5159503 16.0631218 -0.0228037 0.1499319 -0.0287415 0.9880154
52.410020 4.1045551 -1.5134172 16.1649075 -0.0231778 0.1490271 -0.0288998 0.9881389
52.617770 4.1345663 -1.5114653 16.2649670 -0.0247065 0.1570796 -0.0331752 0.9867193
52.825640 4.1672354 -1.5100863 16.3616600 -0.0253982 0.1687425 -0.0350541 0.9847091
53.033270 4.2011929 -1.5084221 16.4545231 -0.0255587 0.1775284 -0.0331560 0.9832249
53.240640 4.2351646 -1.5071166 16.5448990 -0.0238889 0.1819068 -0.0320324 0.9825035
53.448020 4.2679644 -1.5057001 16.6326847 -0.0221037 0.1802781 -0.0307132 0.9828876
53.655390 4.3001623 -1.5047727 16.7202950 -0.0210928 0.1719829 -0.0274635 0.9844911
53.862640 4.3296185 -1.5036438 16.8082829 -0.0207143 0.1589284 -0.0244083 0.9867709
54.069890 4.3558359 -1.5024571 16.8966465 -0.0204528 0.1404446 -0.0203585 0.9896679
54.277140 4.3782125 -1.5007223 16.9859943 -0.0192142 0.1178342 -0.0184425 0.9926761
54.380770 4.3874173 -1.4998546 17.0309296 -0.0188560 0.1053082 -0.0185991 0.9940869
54.588020 4.4019575 -1.4984231 17.1206951 -0.0166581 0.0781248 -0.0177665 0.9966460
54.795390 4.4107242 -1.4972737 17.2111168 -0.0163888 0.0486467 -0.0191388 0.9984982
55.002770 4.4142299 -1.4953873 17.3016319 -0.0162829 0.0175937 -0.0191336 0.9995295
55.210270 4.4124002 -1.4938574 17.3914185 -0.0151858 -0.0123829 -0.0188014 0.9996312
55.418020 4.4050446 -1.4926255 17.4828129 -0.0138934 -0.0356980 -0.0212861 0.9990393
55.626020 4.3939824 -1.4904664 17.5756569 -0.0184755 -0.0491732 -0.0273003 0.9982461
55.834140 4.3832583 -1.4881765 17.6692486 -0.0147438 -0.0537218 -0.0302806 0.9979878
55.938270 4.3777962 -1.4869674 17.7168560 -0.0121097 -0.0540466 -0.0310256 0.9979828
56.146400 4.3669329 -1.4858123 17.8139076 -0.0115870 -0.0515092 -0.0323575 0.9980809
56.354520 4.3569341 -1.4840084 17.9126549 -0.0107009 -0.0487047 -0.0307245 0.9982832
56.562530 4.3469868 -1.4832604 18.0132484 -0.0059742 -0.0463992 -0.0287128 0.9984924
56.770390 4.3369470 -1.4824908 18.1171494 -0.0055708 -0.0446332 -0.0282161 0.9985893
56.978150 4.3267241 -1.4821037 18.2227669 -0.0073846 -0.0439882 -0.0301290 0.9985503
57.185780 4.3159952 -1.4814701 18.3305149 -0.0072298 -0.0440524 -0.0327222 0.9984670
57.393270 4.3054562 -1.4797760 18.4401321 -0.0054918 -0.0447725 -0.0339391 0.9984055
57.600640 4.2944083 -1.4804262 18.5502319 -0.0033781 -0.0469218 -0.0318617 0.9983846
57.808020 4.2824373 -1.4806285 18.6634178 -0.0044999 -0.0529161 -0.0268826 0.9982269
58.015420 4.2684116 -1.4813370 18.7740841 -0.0041383 -0.0623973 -0.0227158 0.9977843
58.222770 4.2531462 -1.4820912 18.8835449 -0.0030740 -0.0721876 -0.0209256 0.9971668
58.430270 4.2348919 -1.4827158 18.9944305 -0.0037174 -0.0815718 -0.0200183 0.9964595
58.637900 4.2147751 -1.4836130 19.1039028 -0.0030155 -0.0905793 -0.0195809 0.9956922
58.845400 4.1926527 -1.4847171 19.2122860 -0.0016338 -0.0991838 -0.0196405 0.9948739
59.052900 4.1689839 -1.4859902 19.3194199 -0.0015017 -0.1065370 -0.0192693 0.9941209
59.260530 4.1446490 -1.4866666 19.4266777 -0.0003112 -0.1127595 -0.0165141 0.9934850
59.468030 4.1193023 -1.4881551 19.5327950 0.0040749 -0.1186048 -0.0119103 0.9928617
59.675530 4.0922565 -1.4898773 19.6392040 0.0025425 -0.1241831 -0.0098662 0.9922070
59.987020 4.0490742 -1.4925953 19.7991695 0.0022680 -0.1297319 -0.0105306 0.9914906
60.194660 4.0193949 -1.4939952 19.9062366 -0.0007551 -0.1317845 -0.0090516 0.9912368
60.402270 3.9893141 -1.4943054 20.0137348 -0.0020197 -0.1324776 -0.0050116 0.9911713
60.609930 3.9599147 -1.4955188 20.1205730 -0.0029282 -0.1334081 -0.0006624 0.9910566
60.817540 3.9316916 -1.4962124 20.2260857 -0.0031007 -0.1349520 0.0020881 0.9908451
61.025270 3.9014111 -1.4972314 20.3333054 -0.0047008 -0.1362088 0.0020083 0.9906670
61.232720 3.8706579 -1.4978657 20.4401665 -0.0069004 -0.1372989 0.0002781 0.9905056
61.440150 3.8393664 -1.4978833 20.5466270 -0.0086331 -0.1373025 -0.0019226 0.9904897
61.647800 3.8087354 -1.4976093 20.6517391 -0.0099497 -0.1355219 -0.0028395 0.9907203
61.855290 3.7790084 -1.4970036 20.7569122 -0.0121624 -0.1340644 -0.0032548 0.9908926
62.166620 3.7354183 -1.4959241 20.9144840 -0.0140173 -0.1319754 -0.0055339 0.9911385
62.374040 3.7069325 -1.4946784 21.0190582 -0.0146727 -0.1306059 -0.0048360 0.9913140
62.581550 3.6781855 -1.4931080 21.1242714 -0.0180229 -0.1294012 -0.0030606 0.9914238
62.789040 3.6507473 -1.4912376 21.2274590 -0.0190795 -0.1283886 -0.0015639 0.9915392
62.996620 3.6241798 -1.4891293 21.3297329 -0.0196798 -0.1276577 0.0013005 0.9916221
63.203960 3.5978413 -1.4868991 21.4308109 -0.0193509 -0.1277608 0.0044936 0.9916061
63.411420 3.5714889 -1.4849734 21.5311470 -0.0208734 -0.1278691 0.0055736 0.9915557
63.618820 3.5449910 -1.4829383 21.6306229 -0.0226871 -0.1282169 0.0056416 0.9914706
63.826160 3.5181808 -1.4804382 21.7300606 -0.0223588 -0.1284331 0.0061111 0.9914473
64.033590 3.4919810 -1.4779532 21.8279324 -0.0238002 -0.1289953 0.0064099 0.9913388
64.241030 3.4663653 -1.4754754 21.9242935 -0.0245808 -0.1297046 0.0072439 0.9912215
64.448610 3.4402089 -1.4728140 22.0198593 -0.0247814 -0.1298138 0.0056079 0.9912128
64.656230 3.4142933 -1.4698339 22.1144371 -0.0263643 -0.1296654 0.0041683 0.9911985
64.863720 3.3887186 -1.4665917 22.2080269 -0.0285887 -0.1296141 0.0033429 0.9911467
65.071210 3.3636227 -1.4630884 22.3012867 -0.0326322 -0.1307680 0.0039474 0.9908680
65.278910 3.3381681 -1.4585356 22.3938122 -0.0355286 -0.1326496 0.0046642 0.9905151
65.382430 3.3255363 -1.4559479 22.4398670 -0.0363010 -0.1336150 0.0054923 0.9903530
65.486120 3.3132472 -1.4536843 22.4851055 -0.0371250 -0.1345761 0.0066391 0.9901853
65.693560 3.2874742 -1.4486386 22.5763092 -0.0376548 -0.1361052 0.0069312 0.9899543
65.797310 3.2751913 -1.4461875 22.6206055 -0.0382260 -0.1362576 0.0075862 0.9899066
66.004800 3.2499795 -1.4415482 22.7091999 -0.0384643 -0.1352835 0.0077825 0.9900295
66.212160 3.2256160 -1.4364469 22.7966042 -0.0392014 -0.1345214 0.0107114 0.9900770
66.419700 3.2022586 -1.4316221 22.8805523 -0.0388502 -0.1341812 0.0108256 0.9901358
66.627050 3.1796412 -1.4273636 22.9625549 -0.0370732 -0.1333197 0.0116876 0.9903105
66.834590 3.1572609 -1.4233679 23.0420818 -0.0363475 -0.1324091 0.0111264 0.9904660
67.042030 3.1355953 -1.4192159 23.1200829 -0.0354544 -0.1313114 0.0128709 0.9906234
67.249580 3.1157422 -1.4146806 23.1972389 -0.0347039 -0.1289249 0.0130904 0.9909605
67.561050 3.0867338 -1.4093980 23.3143806 -0.0341953 -0.1178991 0.0119005 0.9923653
67.872840 3.0606565 -1.4031723 23.4335403 -0.0410915 -0.0963077 0.0082753 0.9944686
68.080710 3.0474346 -1.3984318 23.5120335 -0.0423818 -0.0761122 0.0060871 0.9961795
68.288670 3.0382850 -1.3926752 23.5913792 -0.0445808 -0.0517949 0.0043071 0.9976529
68.496670 3.0333288 -1.3867054 23.6715698 -0.0432681 -0.0248731 0.0048026 0.9987423
68.704540 3.0331326 -1.3815672 23.7508087 -0.0416501 0.0020139 0.0049093 0.9991181
68.912190 3.0374799 -1.3761928 23.8306236 -0.0421358 0.0286960 0.0058530 0.9986826
69.119820 3.0457144 -1.3706219 23.9110641 -0.0430749 0.0545358 0.0082114 0.9975485
69.327420 3.0583773 -1.3652940 23.9914169 -0.0431737 0.0798779 0.0090586 0.9958280
69.535030 3.0751431 -1.3595130 24.0723991 -0.0421900 0.1047680 0.0096842 0.9935542
69.742460 3.0956991 -1.3539189 24.1527901 -0.0402779 0.1270594 0.0107954 0.9910182
69.950110 3.1197956 -1.3479685 24.2338486 -0.0392028 0.1466878 0.0115412 0.9883383
70.261200 3.1615906 -1.3396735 24.3556404 -0.0378544 0.1742651 0.0113361 0.9839056
70.468570 3.1938004 -1.3340884 24.4371910 -0.0375632 0.1928521 0.0110173 0.9804467
70.675960 3.2298112 -1.3284525 24.5181808 -0.0388121 0.2110351 0.0126920 0.9766251
70.883300 3.2683139 -1.3231978 24.5974216 -0.0376860 0.2286623 0.0119971 0.9727021
71.090660 3.3100233 -1.3176950 24.6756458 -0.0348293 0.2458741 0.0106999 0.9686167
71.298240 3.3545866 -1.3129594 24.7529068 -0.0348481 0.2655323 0.0069871 0.9634466
71.505720 3.4036407 -1.3076607 24.8293304 -0.0367821 0.2870428 0.0077038 0.9571803
71.713370 3.4564810 -1.3026658 24.9023857 -0.0375064 0.3113230 0.0076748 0.9495327
72.024670 3.5434055 -1.2954476 25.0068741 -0.0367639 0.3501427 0.0091354 0.9359300
72.232060 3.6057177 -1.2904731 25.0720291 -0.0368364 0.3748043 0.0114030 0.9263017
72.439440 3.6702156 -1.2853678 25.1332150 -0.0356888 0.3968231 0.0122939 0.9171186
72.646700 3.7371511 -1.2805827 25.1919975 -0.0353223 0.4152479 0.0142897 0.9089100
72.854050 3.8069124 -1.2753849 25.2494755 -0.0366988 0.4327632 0.0146472 0.9006413
73.061450 3.8805637 -1.2694967 25.3043861 -0.0349208 0.4498225 0.0140253 0.8923248
73.268930 3.9567413 -1.2635733 25.3573952 -0.0392261 0.4675773 0.0159371 0.8829376
73.580270 4.0753365 -1.2544240 25.4295063 -0.0395521 0.4973392 0.0162740 0.8665013
73.891550 4.2015419 -1.2458085 25.4934502 -0.0371911 0.5286057 0.0200184 0.8478161
74.099040 4.2899494 -1.2393904 25.5316238 -0.0362759 0.5498821 0.0220921 0.8341617
74.306540 4.3810248 -1.2333530 25.5663185 -0.0358285 0.5711898 0.0220395 0.8197395
74.514170 4.4757357 -1.2270091 25.5969563 -0.0353895 0.5924376 0.0197810 0.8045956
74.825180 4.6239843 -1.2178535 25.6354980 -0.0362012 0.6246238 0.0188854 0.7798576
75.032640 4.7264662 -1.2113363 25.6535168 -0.0344979 0.6454573 0.0204001 0.7627441
75.343680 4.8832970 -1.2022043 25.6717091 -0.0326411 0.6747630 0.0221303 0.7369801
75.551070 4.9894233 -1.1953347 25.6777496 -0.0315473 0.6934066 0.0217801 0.7195260
75.758450 5.0976586 -1.1891695 25.6772861 -0.0333152 0.7107236 0.0235850 0.7022861
75.965810 5.2078199 -1.1822639 25.6724186 -0.0338677 0.7276489 0.0231184 0.6847230
76.173160 5.3184710 -1.1748104 25.6620426 -0.0329986 0.7447638 0.0212373 0.6661734
76.380600 5.4308147 -1.1689517 25.6454964 -0.0318085 0.7609227 0.0222578 0.6476800
76.588100 5.5428209 -1.1616713 25.6229534 -0.0297052 0.7755546 0.0240873 0.6301210
76.795320 5.6559381 -1.1552430 25.5964870 -0.0284009 0.7887054 0.0222481 0.6137118
77.002800 5.7678390 -1.1499450 25.5650539 -0.0288923 0.8014708 0.0212138 0.5969588
77.210160 5.8796864 -1.1443697 25.5288696 -0.0279760 0.8140934 0.0174190 0.5797982
77.417440 5.9915214 -1.1397073 25.4872646 -0.0296828 0.8260890 0.0176972 0.5624791
77.624880 6.1021595 -1.1343019 25.4405613 -0.0304265 0.8366826 0.0177824 0.5465530
77.832140 6.2115455 -1.1286807 25.3898563 -0.0283420 0.8440611 0.0193862 0.5351465
77.935700 6.2668233 -1.1263074 25.3635712 -0.0258854 0.8466718 0.0199328 0.5311115
78.142930 6.3764768 -1.1215518 25.3090000 -0.0219098 0.8498199 0.0236733 0.5260852
78.246670 6.4319210 -1.1188964 25.2810936 -0.0205566 0.8507195 0.0256614 0.5245906
78.454020 6.5427780 -1.1135433 25.2249088 -0.0203655 0.8514873 0.0281941 0.5232205
78.557850 6.5991049 -1.1107441 25.1967030 -0.0211717 0.8517945 0.0292025 0.5226327
78.661450 6.6550455 -1.1069876 25.1689453 -0.0228358 0.8521281 0.0298694 0.5219809
78.765630 6.7120576 -1.1036749 25.1403751 -0.0240770 0.8525624 0.0312408 0.5211350
78.868800 6.7686753 -1.0997969 25.1118584 -0.0241423 0.8529066 0.0314023 0.5205588
78.972430 6.8256993 -1.0962037 25.0830383 -0.0235730 0.8531596 0.0304738 0.5202252
79.081780 6.8833737 -1.0922234 25.0534649 -0.0224717 0.8534284 0.0299256 0.5198649
79.179920 6.9402690 -1.0887327 25.0241756 -0.0213164 0.8537035 0.0301451 0.5194489
79.283570 6.9978123 -1.0853909 24.9945431 -0.0211971 0.8540303 0.0303970 0.5189016
79.387330 7.0554214 -1.0818183 24.9646950 -0.0217541 0.8542979 0.0310625 0.5183985
79.491080 7.1140189 -1.0777248 24.9345112 -0.0225476 0.8545304 0.0320990 0.5179181
79.594920 7.1722436 -1.0738307 24.9041615 -0.0231760 0.8548120 0.0329447 0.5173722
79.802330 7.2914090 -1.0653244 24.8430080 -0.0240900 0.8554567 0.0329806 0.5162613
80.009790 7.4093289 -1.0573213 24.7824211 -0.0224868 0.8561819 0.0331750 0.5151178
80.217170 7.5284882 -1.0494467 24.7197895 -0.0214052 0.8562630 0.0334212 0.5150131
80.424740 7.6494508 -1.0404068 24.6568699 -0.0228386 0.8561610 0.0337590 0.5150990
80.632230 7.7717462 -1.0322075 24.5925179 -0.0207597 0.8559891 0.0299153 0.5157099
80.943530 7.9578633 -1.0209625 24.4955292 -0.0209054 0.8561360 0.0323123 0.5153156
81.254550 8.1463680 -1.0080748 24.3963909 -0.0217492 0.8562536 0.0311144 0.5151588
81.462060 8.2753458 -0.9991308 24.3296146 -0.0219352 0.8565738 0.0311595 0.5146155
81.773370 8.4695454 -0.9867193 24.2275867 -0.0208778 0.8569782 0.0309776 0.5139968
81.876950 8.5351162 -0.9823284 24.1926079 -0.0207477 0.8569939 0.0316276 0.5139365
82.084440 8.6671057 -0.9736575 24.1227245 -0.0221678 0.8570490 0.0310309 0.5138215
82.188180 8.7321491 -0.9695985 24.0881538 -0.0237251 0.8571185 0.0286639 0.5137737
82.395640 8.8660097 -0.9610187 24.0180759 -0.0278296 0.8572698 0.0268405 0.5134137
82.499340 8.9327869 -0.9566180 23.9829102 -0.0271235 0.8574066 0.0263806 0.5132469
82.603060 8.9994154 -0.9527177 23.9474297 -0.0257920 0.8573117 0.0270119 0.5134412
82.706910 9.0659294 -0.9489932 23.9126587 -0.0240783 0.8573446 0.0280433 0.5134140
82.810450 9.1328974 -0.9449035 23.8763924 -0.0228721 0.8571322 0.0294404 0.5137455
82.914210 9.1994858 -0.9410344 23.8413200 -0.0225362 0.8571666 0.0305072 0.5136408
83.121720 9.3329487 -0.9326968 23.7710094 -0.0235644 0.8572024 0.0309269 0.5135098
83.225460 9.4003029 -0.9282617 23.7355347 -0.0243235 0.8570818 0.0301911 0.5137194
83.329210 9.4671021 -0.9242634 23.7001438 -0.0224738 0.8572521 0.0302191 0.5135179
83.536780 9.6012650 -0.9156548 23.6288338 -0.0194801 0.8569957 0.0303006 0.5140630
83.744180 9.7352180 -0.9073741 23.5582809 -0.0222440 0.8563316 0.0305781 0.5150402
83.847930 9.8017550 -0.9030856 23.5233383 -0.0244696 0.8559824 0.0323743 0.5154099
84.055580 9.9355354 -0.8945377 23.4542065 -0.0253136 0.8549724 0.0297419 0.5172010
84.262850 10.0679407 -0.8859462 23.3860970 -0.0246620 0.8539301 0.0274649 0.5190769
84.470300 10.2002897 -0.8788054 23.3198452 -0.0257454 0.8536687 0.0272703 0.5194645
84.677950 10.3330507 -0.8704920 23.2529411 -0.0263104 0.8536037 0.0278010 0.5195147
84.885450 10.4647722 -0.8629827 23.1859856 -0.0255523 0.8542498 0.0265457 0.5185553
85.093050 10.5961437 -0.8553330 23.1182308 -0.0228795 0.8553104 0.0262836 0.5169428
85.300390 10.7262878 -0.8481292 23.0493774 -0.0225602 0.8567358 0.0279386 0.5145040
85.507850 10.8547049 -0.8405973 22.9809475 -0.0231405 0.8584694 0.0294895 0.5114931
85.715200 10.9819374 -0.8332317 22.9126148 -0.0208062 0.8600754 0.0287306 0.5089323
85.922700 11.1080122 -0.8262181 22.8433609 -0.0206563 0.8617764 0.0278562 0.5061014
86.130110 11.2323761 -0.8196394 22.7742405 -0.0233173 0.8632635 0.0281020 0.5034309
86.337580 11.3536968 -0.8133779 22.7051430 -0.0255748 0.8644826 0.0281611 0.5012212
86.545010 11.4719219 -0.8058381 22.6381550 -0.0266134 0.8655334 0.0290686 0.4992982
86.752310 11.5869427 -0.7988257 22.5736866 -0.0284990 0.8666734 0.0273500 0.4973098
86.959810 11.6980028 -0.7923990 22.5102177 -0.0309579 0.8671668 0.0254510 0.4964027
87.270810 11.8567057 -0.7834084 22.4195728 -0.0328362 0.8658502 0.0244978 0.4986232
87.374560 11.9079390 -0.7806699 22.3906784 -0.0331992 0.8644798 0.0239328 0.5009987
87.581810 12.0089378 -0.7747001 22.3347855 -0.0333931 0.8597240 0.0238776 0.5091065
87.685550 12.0589733 -0.7717597 22.3087616 -0.0335700 0.8563184 0.0235656 0.5148169
87.789170 12.1090879 -0.7687498 22.2837734 -0.0332067 0.8524011 0.0232463 0.5213149
87.892930 12.1585102 -0.7656596 22.2603073 -0.0329439 0.8479804 0.0219912 0.5285455
88.100300 12.2580881 -0.7594482 22.2164421 -0.0359203 0.8383961 0.0177126 0.5435881
88.307800 12.3589144 -0.7542914 22.1760635 -0.0363828 0.8279705 0.0147401 0.5593960
88.411430 12.4093943 -0.7519011 22.1579227 -0.0358130 0.8224255 0.0146223 0.5675560
88.618820 12.5122519 -0.7463840 22.1233063 -0.0373286 0.8105727 0.0149092 0.5842570
88.826180 12.6168385 -0.7409089 22.0933952 -0.0416211 0.7982649 0.0160177 0.6006533
89.033680 12.7226601 -0.7338764 22.0686150 -0.0457871 0.7858883 0.0135833 0.6165213
89.241050 12.8287849 -0.7269500 22.0481358 -0.0485208 0.7729736 0.0109495 0.6324853
89.448550 12.9370823 -0.7205092 22.0308743 -0.0474792 0.7581587 0.0110891 0.6502447
89.655800 13.0476112 -0.7127542 22.0177135 -0.0414928 0.7409394 0.0102513 0.6702105
89.863200 13.1586123 -0.7066014 22.0115147 -0.0391668 0.7220224 0.0110354 0.6906720
90.070690 13.2688999 -0.7008827 22.0128784 -0.0398737 0.7021328 0.0109113 0.7108449
90.278050 13.3812199 -0.6939937 22.0207233 -0.0434712 0.6803719 0.0094742 0.7315152
90.485550 13.4953012 -0.6880281 22.0350037 -0.0466374 0.6580222 0.0064717 0.7515250
90.693070 13.6082878 -0.6806806 22.0568619 -0.0473562 0.6361784 0.0025057 0.7700832
90.900550 13.7221661 -0.6739243 22.0848122 -0.0481978 0.6137155 -0.0009031 0.7880542
91.108060 13.8356104 -0.6668752 22.1201859 -0.0507516 0.5910498 -0.0000994 0.8050369
91.315450 13.9477215 -0.6589577 22.1621456 -0.0508561 0.5674702 -0.0013201 0.8218209
91.522930 14.0596123 -0.6509479 22.2106094 -0.0492340 0.5446879 -0.0017160 0.8371907
91.730300 14.1714373 -0.6424823 22.2668877 -0.0537010 0.5227034 -0.0010111 0.8508210
91.937810 14.2822561 -0.6330619 22.3297043 -0.0559744 0.5016809 0.0014311 0.8632388
92.145310 14.3909016 -0.6234877 22.3969746 -0.0570052 0.4814053 0.0010709 0.8746417
92.352950 14.4981956 -0.6125302 22.4705429 -0.0591107 0.4643579 -0.0021797 0.8836702
92.560560 14.6040411 -0.6018100 22.5486794 -0.0606090 0.4503524 -0.0044566 0.8907802
92.768320 14.7089443 -0.5908124 22.6295013 -0.0614803 0.4385356 -0.0056385 0.8965907
92.975930 14.8134403 -0.5790486 22.7147636 -0.0592984 0.4278128 -0.0067345 0.9018950
93.183560 14.9163876 -0.5685561 22.8016796 -0.0581570 0.4191442 -0.0067758 0.9060298
93.391320 15.0181103 -0.5574827 22.8907623 -0.0592664 0.4145023 -0.0069549 0.9080897
93.495180 15.0701818 -0.5515559 22.9359741 -0.0600429 0.4128800 -0.0058818 0.9087851
93.702820 15.1726112 -0.5402844 23.0263042 -0.0607834 0.4101004 -0.0054329 0.9099964
93.910430 15.2744360 -0.5281916 23.1180878 -0.0602654 0.4075778 -0.0072276 0.9111510
94.221930 15.4252243 -0.5106246 23.2543526 -0.0566080 0.4061203 -0.0057263 0.9120466
94.429560 15.5240707 -0.5002711 23.3406811 -0.0580351 0.4072509 -0.0053462 0.9114549
94.637210 15.6217308 -0.4904339 23.4279804 -0.0605889 0.4118918 -0.0064602 0.9091933
95.052690 15.8119669 -0.4688511 23.5890331 -0.0583980 0.4279894 -0.0107051 0.9018316
95.260560 15.9041538 -0.4612985 23.6625786 -0.0555251 0.4402311 -0.0093373 0.8961174
95.572310 16.0412102 -0.4502108 23.7618217 -0.0505585 0.4596474 -0.0064593 0.8866377
95.884060 16.1737442 -0.4431443 23.8489056 -0.0356976 0.4808951 -0.0071296 0.8760221
96.092060 16.2579498 -0.4395932 23.8994370 -0.0274085 0.4971744 -0.0147914 0.8670914
96.300060 16.3427410 -0.4390138 23.9457092 -0.0277415 0.5173377 -0.0168904 0.8551648
96.508310 16.4267731 -0.4382260 23.9849510 -0.0296790 0.5418421 -0.0150782 0.8398207
96.716580 16.5112381 -0.4375362 24.0159836 -0.0270999 0.5711880 -0.0114047 0.8202925
96.924940 16.5962524 -0.4376430 24.0389919 -0.0165626 0.6034726 -0.0116634 0.7971264
97.133190 16.6838303 -0.4384937 24.0570526 -0.0100866 0.6361297 -0.0158107 0.7713541
97.341440 16.7729931 -0.4405442 24.0672531 -0.0099915 0.6676091 -0.0133444 0.7443253
97.549480 16.8628998 -0.4427559 24.0699139 -0.0133730 0.6986607 -0.0100024 0.7152582
97.757560 16.9525661 -0.4442513 24.0643787 -0.0097772 0.7295499 -0.0064993 0.6838267
97.965440 17.0412445 -0.4461309 24.0520000 -0.0060250 0.7575523 -0.0076365 0.6527020
98.173060 17.1291752 -0.4479384 24.0323143 0.0002040 0.7797006 -0.0057544 0.6261260
98.380560 17.2166023 -0.4504765 24.0091400 -0.0010295 0.7968568 -0.0039992 0.6041542
98.587810 17.3032570 -0.4528079 23.9812126 0.0013265 0.8088964 -0.0016739 0.5879474
98.795310 17.3896255 -0.4547216 23.9491196 0.0026528 0.8192317 0.0000093 0.5734565
99.002810 17.4754028 -0.4570346 23.9137077 0.0039679 0.8293167 0.0020978 0.5587608
99.210310 17.5608330 -0.4582168 23.8753891 0.0030954 0.8411255 0.0017874 0.5408281
99.418170 17.6449547 -0.4597147 23.8325443 0.0032950 0.8551286 0.0002996 0.5184054
99.626160 17.7249565 -0.4610969 23.7837391 0.0055828 0.8710646 -0.0012082 0.4911352
99.834080 17.8029366 -0.4634880 23.7288132 0.0048766 0.8890790 0.0018724 0.4577239
100.042100 17.8766499 -0.4655361 23.6670113 0.0084042 0.9071708 0.0044235 0.4206554
100.250100 17.9448929 -0.4672030 23.6001091 0.0096597 0.9242076 0.0043138 0.3817440
100.458100 18.0045357 -0.4687271 23.5286255 0.0120253 0.9395035 0.0066730 0.3422631
100.770000 18.0795975 -0.4700710 23.4163532 0.0161402 0.9582757 0.0095466 0.2852299
100.977600 18.1233063 -0.4702030 23.3378506 0.0193970 0.9673643 0.0075632 0.2525329
101.184900 18.1636429 -0.4715128 23.2560158 0.0223539 0.9744074 0.0068794 0.2235694
101.392300 18.1986980 -0.4720348 23.1713428 0.0236012 0.9803900 0.0084936 0.1954642
101.599800 18.2286797 -0.4722639 23.0844040 0.0257385 0.9855382 0.0107193 0.1671439
101.807200 18.2541161 -0.4727025 22.9954872 0.0273765 0.9901665 0.0122402 0.1366420
102.014700 18.2737484 -0.4730585 22.9052849 0.0292657 0.9941056 0.0093778 0.1039698
102.222200 18.2869034 -0.4724663 22.8128281 0.0316628 0.9969300 0.0118621 0.0706209
102.429800 18.2941399 -0.4720623 22.7187767 0.0308955 0.9987118 0.0161855 0.0368537
102.637400 18.2954197 -0.4707139 22.6235027 0.0312079 0.9994021 0.0145794 0.0029823
102.845000 18.2899933 -0.4691412 22.5253487 0.0323144 0.9989352 0.0139634 -0.0298200
103.052400 18.2779560 -0.4669043 22.4258251 0.0344942 0.9975665 0.0130515 -0.0591686
103.259900 18.2606697 -0.4654456 22.3244076 0.0359203 0.9957283 0.0125110 -0.0841328
103.467300 18.2392521 -0.4638389 22.2212009 0.0351227 0.9939519 0.0107811 -0.1034884
103.778400 18.2003632 -0.4616027 22.0623550 0.0331748 0.9913848 0.0101299 -0.1263051
103.985900 18.1705780 -0.4598962 21.9539146 0.0327835 0.9898139 0.0116523 -0.1380503
104.193200 18.1376648 -0.4580470 21.8435059 0.0352073 0.9888269 0.0123114 -0.1443271
104.400600 18.1042156 -0.4556729 21.7311192 0.0351809 0.9884567 0.0089103 -0.1470927
104.608100 18.0691185 -0.4538171 21.6161118 0.0370156 0.9881203 0.0088278 -0.1488963
104.919200 18.0140781 -0.4507524 21.4384422 0.0386518 0.9877306 0.0118154 -0.1508465
105.230400 17.9570560 -0.4471464 21.2550964 0.0376855 0.9873883 0.0100389 -0.1534386
105.541700 17.8970776 -0.4434285 21.0667229 0.0379846 0.9869690 0.0105966 -0.1560037
105.853200 17.8371410 -0.4417329 20.8796501 0.0398958 0.9864590 0.0111141 -0.1586930
106.164200 17.7717381 -0.4378625 20.6815147 0.0391440 0.9860926 0.0120118 -0.1610740
106.475500 17.7072029 -0.4342604 20.4821186 0.0376658 0.9856656 0.0117582 -0.1640318
106.786800 17.6403923 -0.4300916 20.2822819 0.0386357 0.9855270 0.0130111 -0.1645434
107.098100 17.5748959 -0.4264874 20.0818901 0.0339525 0.9864237 0.0117789 -0.1602399
107.409200 17.5118484 -0.4240558 19.8799419 0.0294604 0.9877416 0.0073664 -0.1531150
107.720700 17.4523792 -0.4236167 19.6761951 0.0225224 0.9893983 0.0061546 -0.1433383
108.031600 17.3979683 -0.4227362 19.4728317 0.0213005 0.9915594 0.0107048 -0.1274426
108.342700 17.3517532 -0.4220230 19.2693920 0.0227531 0.9942129 0.0082288 -0.1046678
108.550200 17.3275738 -0.4220175 19.1329765 0.0206833 0.9956629 0.0057745 -0.0905221
108.757800 17.3069458 -0.4221820 18.9954090 0.0214620 0.9967424 0.0073301 -0.0773966
108.965300 17.2891216 -0.4225736 18.8572178 0.0219971 0.9977160 0.0077618 -0.0633940
109.173100 17.2761230 -0.4225889 18.7189522 0.0184756 0.9985214 0.0096967 -0.0501968
109.484300 17.2623539 -0.4221552 18.5119534 0.0154638 0.9993408 0.0112447 -0.0308596
109.588000 17.2595081 -0.4214610 18.4422607 0.0144814 0.9995353 0.0107291 -0.0245830
109.795400 17.2564144 -0.4212459 18.3037930 0.0150609 0.9997416 0.0123584 -0.0117099
109.900300 17.2562218 -0.4208637 18.2344837 0.0141470 0.9997892 0.0139030 -0.0053039
110.003000 17.2570267 -0.4204587 18.1649380 0.0144470 0.9997956 0.0141134 0.0009209
110.106700 17.2585640 -0.4198670 18.0955734 0.0155066 0.9997556 0.0141586 0.0069171
110.210600 17.2608738 -0.4197901 18.0260010 0.0160293 0.9997042 0.0129792 0.0128835
110.418100 17.2677174 -0.4192596 17.8874855 0.0166485 0.9994918 0.0109247 0.0248916
110.625600 17.2782116 -0.4193928 17.7501965 0.0154343 0.9991782 0.0106676 0.0359276
110.833200 17.2916641 -0.4197786 17.6111336 0.0147726 0.9988222 0.0084388 0.0454410
111.041100 17.3074760 -0.4195227 17.4727535 0.0138045 0.9983701 0.0072910 0.0548953
111.248500 17.3259048 -0.4202530 17.3337650 0.0131575 0.9978583 0.0089084 0.0634540
111.560000 17.3571320 -0.4215261 17.1281071 0.0113944 0.9969881 0.0096835 0.0760996
111.871200 17.3938255 -0.4214178 16.9249344 0.0089143 0.9961098 0.0108000 0.0870004
112.078600 17.4206409 -0.4205110 16.7904949 0.0079687 0.9954784 0.0125291 0.0938204
112.389900 17.4630070 -0.4202249 16.5937271 0.0074793 0.9944816 0.0101702 0.1041486
112.701100 17.5060387 -0.4216248 16.4029579 0.0076807 0.9933116 0.0062783 0.1150371
113.012500 17.5532093 -0.4244284 16.2253685 0.0088524 0.9919710 0.0005497 0.1261541
113.220000 17.5822487 -0.4288300 16.1149979 0.0084309 0.9910088 -0.0096479 0.1331815
113.635300 17.6431332 -0.4403487 15.9129047 0.0072468 0.9896682 -0.0245041 0.1410812
113.946800 17.6832924 -0.4510378 15.7727652 0.0104347 0.9894172 -0.0284227 0.1419046
114.362800 17.7325096 -0.4646584 15.5882816 0.0155090 0.9918437 -0.0260874 0.1237944
114.675400 17.7578411 -0.4732135 15.4512424 0.0201523 0.9959513 -0.0162229 0.0860911
114.988100 17.7689972 -0.4789557 15.3147907 0.0232985 0.9992417 -0.0078554 0.0301914
115.196500 17.7658157 -0.4812072 15.2249813 0.0257304 0.9995936 -0.0029713 -0.0119057
115.404800 17.7556744 -0.4831924 15.1365604 0.0260857 0.9980539 -0.0001635 -0.0566386
115.613100 17.7376366 -0.4835151 15.0482464 0.0250098 0.9944323 0.0034127 -0.1023095
115.821100 17.7106476 -0.4836122 14.9608164 0.0265444 0.9886660 0.0093778 -0.1474685
116.029400 17.6764450 -0.4826559 14.8742666 0.0230983 0.9807960 0.0120134 -0.1932909
116.238300 17.6326904 -0.4810284 14.7915363 0.0248481 0.9711108 0.0122718 -0.2370142
116.444900 17.5802097 -0.4786171 14.7099895 0.0286648 0.9602462 0.0132017 -0.2773649
116.652400 17.5210190 -0.4761369 14.6305046 0.0311391 0.9493795 0.0128588 -0.3123197
116.859700 17.4547691 -0.4727538 14.5532694 0.0345354 0.9393919 0.0095156 -0.3409686
117.067000 17.3829346 -0.4701052 14.4766273 0.0389600 0.9312281 0.0065952 -0.3622884
117.274300 17.3057442 -0.4664105 14.3976707 0.0404435 0.9247977 0.0057012 -0.3782605
117.481600 17.2233009 -0.4630406 14.3174906 0.0406145 0.9191096 0.0051674 -0.3918689
117.689000 17.1349106 -0.4588757 14.2366056 0.0418310 0.9146885 0.0039316 -0.4019697
117.896100 17.0417995 -0.4549262 14.1523514 0.0444098 0.9135165 0.0031187 -0.4043582
118.103200 16.9464951 -0.4509568 14.0625162 0.0443329 0.9153098 0.0047906 -0.4002743
118.310600 16.8491898 -0.4466825 13.9699440 0.0408866 0.9165497 0.0056099 -0.3977857
118.518000 16.7486000 -0.4428810 13.8734560 0.0396368 0.9170718 0.0061588 -0.3966993
118.829100 16.5936832 -0.4363660 13.7245207 0.0390572 0.9180638 0.0052468 -0.3944691
119.140500 16.4335690 -0.4307321 13.5697947 0.0380794 0.9192048 0.0031679 -0.3919216
119.451600 16.2683849 -0.4265347 13.4081831 0.0350571 0.9206761 0.0003929 -0.3887498
119.762700 16.1008568 -0.4226089 13.2420540 0.0344726 0.9222404 0.0014424 -0.3850743
120.073700 15.9347458 -0.4192554 13.0730381 0.0357778 0.9248475 0.0038504 -0.3786320
120.384800 15.7719660 -0.4144864 12.9003286 0.0343109 0.9285939 0.0046583 -0.3694787
120.799500 15.5577497 -0.4106108 12.6625013 0.0383386 0.9372265 0.0002433 -0.3466071
121.110500 15.4087353 -0.4089492 12.4750633 0.0375614 0.9454305 -0.0008686 -0.3236506
121.317800 15.3140087 -0.4078518 12.3447218 0.0345464 0.9502033 -0.0009390 -0.3097085
121.525300 15.2233877 -0.4073784 12.2116737 0.0340512 0.9540883 0.0029742 -0.2975688
121.732800 15.1336451 -0.4052503 12.0760937 0.0339503 0.9579974 0.0012625 -0.2847572
121.940300 15.0482635 -0.4053033 11.9378977 0.0330329 0.9615889 0.0003745 -0.2724988
122.147800 14.9659386 -0.4051670 11.7974644 0.0331174 0.9649190 -0.0020086 -0.2604428
122.355300 14.8855247 -0.4060574 11.6526642 0.0349445 0.9675845 -0.0018269 -0.2501116
122.563000 14.8068876 -0.4068691 11.5054951 0.0371290 0.9693594 -0.0011335 -0.2428220
122.770700 14.7304306 -0.4063304 11.3564777 0.0358437 0.9703318 -0.0002889 -0.2391054
122.978500 14.6522827 -0.4075716 11.2060890 0.0351372 0.9707327 -0.0002498 -0.2375782
123.186200 14.5747261 -0.4067188 11.0544281 0.0343005 0.9712006 -0.0015296 -0.2357765
123.393800 14.4941978 -0.4069476 10.8993053 0.0366747 0.9720376 -0.0007311 -0.2319425
123.601500 14.4169827 -0.4074575 10.7437391 0.0407508 0.9725493 -0.0017986 -0.2290936
123.809100 14.3398438 -0.4073968 10.5876627 0.0408067 0.9729514 -0.0049916 -0.2273225
124.016700 14.2624454 -0.4074559 10.4280844 0.0410644 0.9730912 -0.0013001 -0.2267277
124.224400 14.1807785 -0.4060473 10.2667913 0.0457657 0.9730310 0.0003041 -0.2260885
124.431900 14.1015310 -0.4059125 10.1055136 0.0494857 0.9726650 -0.0026818 -0.2268630
124.639300 14.0210133 -0.4046052 9.9414949 0.0490397 0.9723734 -0.0021053 -0.2282116
124.846800 13.9399166 -0.4033369 9.7755756 0.0432438 0.9719049 -0.0002919 -0.2313669
125.054300 13.8561974 -0.4025820 9.6090651 0.0370876 0.9708255 0.0027152 -0.2368859
125.262000 13.7690916 -0.4012431 9.4424524 0.0336212 0.9692511 0.0012273 -0.2437630
125.365700 13.7237568 -0.4003475 9.3585634 0.0327282 0.9682845 0.0008483 -0.2476959
125.573100 13.6297855 -0.3995076 9.1915026 0.0361990 0.9661368 0.0032045 -0.2554586
125.780600 13.5318985 -0.3973451 9.0243893 0.0413094 0.9636772 0.0010779 -0.2638535
125.988000 13.4313602 -0.3962625 8.8587961 0.0425848 0.9616045 -0.0022176 -0.2711057
126.195500 13.3271589 -0.3935675 8.6928501 0.0440388 0.9594536 0.0015794 -0.2784003
126.403000 13.2208729 -0.3904107 8.5285931 0.0495589 0.9576679 0.0032044 -0.2835591
126.610300 13.1128426 -0.3872527 8.3642292 0.0507143 0.9568354 -0.0012469 -0.2861686
126.817800 13.0065002 -0.3845010 8.1989861 0.0464865 0.9563994 0.0003165 -0.2883385
127.025200 12.8989544 -0.3819420 8.0358391 0.0441530 0.9561763 0.0016377 -0.2894386
127.232700 12.7901869 -0.3789705 7.8710976 0.0445750 0.9560658 0.0036739 -0.2897203
127.440100 12.6795673 -0.3760753 7.7051611 0.0441444 0.9562030 0.0032518 -0.2893379
127.543900 12.6248894 -0.3744755 7.6211777 0.0427491 0.9562244 0.0037167 -0.2894713
127.751200 12.5134792 -0.3721271 7.4529648 0.0420622 0.9558894 0.0051961 -0.2906530
127.855000 12.4574080 -0.3699270 7.3685865 0.0421058 0.9555926 0.0061358 -0.2916028
128.062200 12.3435211 -0.3661183 7.2001200 0.0428747 0.9551641 0.0051077 -0.2929116
128.166000 12.2866383 -0.3643610 7.1148272 0.0417643 0.9549679 0.0052087 -0.2937090
128.373300 12.1719246 -0.3599342 6.9417000 0.0402430 0.9547436 0.0063879 -0.2946259
128.580700 12.0564556 -0.3562256 6.7718620 0.0419918 0.9548835 0.0060141 -0.2939353
128.684500 11.9979630 -0.3555720 6.6859331 0.0422023 0.9549054 0.0054091 -0.2938458
128.891800 11.8811607 -0.3529090 6.5137520 0.0415152 0.9551353 0.0059461 -0.2931854
128.995500 11.8242855 -0.3509042 6.4274220 0.0409637 0.9551231 0.0064004 -0.2932932
129.099100 11.7660522 -0.3489172 6.3398371 0.0408655 0.9551377 0.0066185 -0.2932546
129.202800 11.7077103 -0.3473124 6.2532854 0.0409125 0.9552054 0.0064996 -0.2930299
129.306600 11.6498566 -0.3450280 6.1667471 0.0411198 0.9551755 0.0055901 -0.2931173
129.410300 11.5910568 -0.3427914 6.0801449 0.0409632 0.9552591 0.0047878 -0.2928808
129.514100 11.5331478 -0.3418978 5.9935007 0.0414405 0.9552436 0.0051675 -0.2928576
129.617800 11.4736004 -0.3400991 5.9058504 0.0420718 0.9553410 0.0053639 -0.2924460
129.721600 11.4143105 -0.3381852 5.8179932 0.0427633 0.9553369 0.0056237 -0.2923543
129.825300 11.3545980 -0.3362237 5.7294698 0.0437927 0.9552186 0.0054811 -0.2925913
129.929100 11.2945461 -0.3343194 5.6407990 0.0445695 0.9551683 0.0052282 -0.2926426
130.032700 11.2344971 -0.3328442 5.5525718 0.0461555 0.9550613 0.0040441 -0.2927649
130.136500 11.1743698 -0.3310700 5.4637680 0.0466676 0.9549494 0.0027325 -0.2930637
130.240200 11.1156120 -0.3291849 5.3753853 0.0471517 0.9546443 0.0026825 -0.2939794
130.343800 11.0563698 -0.3274252 5.2875900 0.0459103 0.9544472 0.0034533 -0.2948065
130.447600 10.9966564 -0.3259735 5.1986685 0.0440383 0.9541156 0.0044487 -0.2961492
130.551300 10.9364433 -0.3246266 5.1089973 0.0422551 0.9537299 0.0060718 -0.2976187
130.655000 10.8767014 -0.3221081 5.0202746 0.0428638 0.9531378 0.0070272 -0.2994023
130.862500 10.7523584 -0.3175437 4.8411293 0.0423868 0.9525339 0.0054839 -0.3014174
130.966100 10.6901989 -0.3152582 4.7518158 0.0414194 0.9522988 0.0052374 -0.3022981
131.173700 10.5648136 -0.3109798 4.5729389 0.0414555 0.9518763 0.0053411 -0.3036186
131.381100 10.4386463 -0.3052979 4.3946466 0.0443646 0.9514995 0.0065025 -0.3043653
131.588500 10.3119907 -0.3004618 4.2173767 0.0460821 0.9512190 0.0058946 -0.3049988
131.899600 10.1215219 -0.2929254 3.9519067 0.0485592 0.9511040 0.0063176 -0.3049644
132.107000 9.9956093 -0.2878852 3.7742314 0.0473388 0.9513336 0.0060444 -0.3044453
132.418000 9.8072968 -0.2813138 3.5067689 0.0461259 0.9520221 0.0071408 -0.3024487
132.625500 9.6835423 -0.2752140 3.3288732 0.0452001 0.9526652 0.0072910 -0.3005542
132.936500 9.5016060 -0.2700388 3.0619025 0.0391212 0.9538311 0.0053340 -0.2977368
133.040100 9.4399881 -0.2680876 2.9720631 0.0384459 0.9542895 0.0069015 -0.2963206
133.247500 9.3199215 -0.2640963 2.7938769 0.0384353 0.9550256 0.0084847 -0.2938993
133.454800 9.1998615 -0.2594048 2.6136215 0.0408314 0.9558166 0.0082036 -0.2909987
133.766000 9.0206480 -0.2527616 2.3426518 0.0431059 0.9576922 0.0070818 -0.2844598
133.973300 8.9052782 -0.2495391 2.1602914 0.0427796 0.9596362 0.0054754 -0.2779179
134.284500 8.7369432 -0.2445791 1.8819702 0.0385248 0.9626219 0.0063798 -0.2680191
134.388200 8.6811695 -0.2427067 1.7886975 0.0375760 0.9636763 0.0071937 -0.2643186
134.595600 8.5736780 -0.2391817 1.6017847 0.0376240 0.9654137 0.0066551 -0.2579081
134.803100 8.4681950 -0.2361845 1.4135783 0.0376248 0.9668174 0.0047943 -0.2526371
135.010600 8.3660536 -0.2334265 1.2253504 0.0392351 0.9677054 0.0058743 -0.2489427
135.218100 8.2633991 -0.2315983 1.0352075 0.0410194 0.9682257 0.0052221 -0.2466357
135.425700 8.1612339 -0.2296935 0.8457420 0.0400221 0.9689102 0.0037967 -0.2441247
135.633100 8.0601053 -0.2279686 0.6553569 0.0387977 0.9696797 0.0052730 -0.2412223
135.840600 7.9613018 -0.2252453 0.4645143 0.0382234 0.9703087 0.0057324 -0.2387616
136.151600 7.8133597 -0.2226477 0.1769676 0.0415003 0.9711775 0.0049639 -0.2346641
136.462700 7.6668844 -0.2211221 -0.1163993 0.0389479 0.9719408 0.0044286 -0.2319366
136.670200 7.5702267 -0.2175063 -0.3120587 0.0361168 0.9723130 0.0075250 -0.2307518
136.981400 7.4255114 -0.2132434 -0.6065655 0.0357867 0.9725900 0.0079965 -0.2296171
137.188700 7.3281660 -0.2109053 -0.8021350 0.0363273 0.9728245 0.0060303 -0.2285969
137.500000 7.1839128 -0.2074348 -1.0965604 0.0346766 0.9732344 0.0053025 -0.2271218
137.707400 7.0895581 -0.2045227 -1.2934107 0.0342102 0.9735411 0.0046971 -0.2258879
138.018400 6.9472847 -0.2026141 -1.5876175 0.0349195 0.9741137 0.0042247 -0.2233053
138.225900 6.8526745 -0.2022502 -1.7847259 0.0368351 0.9742101 0.0026452 -0.2226003
138.433400 6.7586489 -0.2021081 -1.9802166 0.0363535 0.9739114 0.0027970 -0.2239804
138.537100 6.7111702 -0.2017673 -2.0783153 0.0352939 0.9735302 0.0033960 -0.2257912
138.641000 6.6633320 -0.2012349 -2.1760690 0.0340777 0.9730591 0.0044719 -0.2279796
138.848500 6.5657887 -0.1993600 -2.3722537 0.0326107 0.9716662 0.0070605 -0.2339903
139.056000 6.4647684 -0.1967508 -2.5662870 0.0315892 0.9698142 0.0089684 -0.2416239
139.263600 6.3622212 -0.1943530 -2.7582307 0.0289870 0.9674413 0.0075259 -0.2513177
139.471100 6.2547526 -0.1919780 -2.9480915 0.0264935 0.9648244 0.0083839 -0.2614222
139.574900 6.1995964 -0.1910457 -3.0419540 0.0269962 0.9633492 0.0083213 -0.2667589
139.782200 6.0861182 -0.1877739 -3.2272282 0.0283837 0.9603947 0.0081466 -0.2770739
139.886000 6.0284309 -0.1864301 -3.3190956 0.0287680 0.9587587 0.0081910 -0.2826430
140.093500 5.9072313 -0.1840148 -3.5013328 0.0307397 0.9554257 0.0073653 -0.2935344
140.197100 5.8461599 -0.1828288 -3.5906913 0.0329049 0.9534400 0.0069063 -0.2997029
140.404600 5.7187886 -0.1793988 -3.7684116 0.0363728 0.9496364 0.0081431 -0.3111293
140.612000 5.5870285 -0.1760753 -3.9435453 0.0381127 0.9460341 0.0066773 -0.3217487
140.715600 5.5201921 -0.1741462 -4.0302420 0.0386558 0.9444219 0.0052937 -0.3264122
140.923100 5.3816032 -0.1719041 -4.2020001 0.0404812 0.9419797 0.0036477 -0.3331999
164.579300 0.0054392 -0.0035706 0.2867198 -0.0017008 -0.1320700 0.0078775 0.9912077
