0.621714 0.0000000 0.0000000 0.0000000 0.0000000 0.0000000 0.0000000 1.0000000
0.828918 -0.0034476 -0.0009594 0.0439190 -0.0003375 -0.0178672 -0.0026227 0.9998369
0.932502 -0.0055905 -0.0009476 0.0667886 0.0003503 -0.0278983 -0.0044145 0.9996009
1.036104 -0.0093117 -0.0011539 0.0898541 0.0004448 -0.0375700 -0.0044875 0.9992839
1.139865 -0.0124414 -0.0013628 0.1139137 -0.0000655 -0.0480873 -0.0035985 0.9988366
1.451124 -0.0253293 -0.0020088 0.1915471 -0.0013422 -0.0749406 -0.0040054 0.9971790
1.555101 -0.0306944 -0.0023318 0.2189556 -0.0013250 -0.0816992 -0.0042677 0.9966470
1.659233 -0.0364570 -0.0023971 0.2472600 -0.0009284 -0.0877628 -0.0035686 0.9961346
1.762893 -0.0420566 -0.0026765 0.2761087 0.0000604 -0.0927916 -0.0018877 0.9956838
1.867090 -0.0482852 -0.0031849 0.3062426 0.0007654 -0.0967623 -0.0023351 0.9953045
1.970961 -0.0554932 -0.0032460 0.3372130 0.0016442 -0.1003811 -0.0025975 0.9949443
2.076388 -0.0623948 -0.0037637 0.3688998 0.0029017 -0.1045582 -0.0022885 0.9945119
2.179116 -0.0696401 -0.0043514 0.4015877 0.0034282 -0.1085941 -0.0003616 0.9940802
2.387073 -0.0858049 -0.0054798 0.4699667 0.0050035 -0.1169993 0.0024773 0.9931163
2.595229 -0.1057940 -0.0066972 0.5405843 0.0089600 -0.1258764 -0.0012921 0.9920046
2.803189 -0.1266595 -0.0088519 0.6154127 0.0106017 -0.1344857 0.0008723 0.9908584
3.011247 -0.1503070 -0.0114162 0.6929153 0.0136881 -0.1427430 -0.0003685 0.9896651
3.219570 -0.1758367 -0.0147880 0.7738783 0.0199177 -0.1498261 -0.0003245 0.9885117
3.427467 -0.2041606 -0.0190973 0.8578547 0.0285168 -0.1538941 -0.0012426 0.9876750
3.635476 -0.2336454 -0.0248966 0.9442853 0.0367722 -0.1583831 -0.0031583 0.9866877
3.843522 -0.2654988 -0.0323760 1.0329083 0.0437124 -0.1633199 -0.0065289 0.9855826
4.051384 -0.2996883 -0.0407058 1.1246555 0.0487539 -0.1682532 -0.0098650 0.9844880
4.259272 -0.3354803 -0.0504984 1.2196956 0.0491603 -0.1740728 -0.0108576 0.9834450
4.467802 -0.3719569 -0.0606941 1.3156625 0.0473280 -0.1809388 -0.0107360 0.9822963
4.676366 -0.4126304 -0.0702050 1.4143907 0.0430511 -0.1894822 -0.0116690 0.9808705
4.882642 -0.4566678 -0.0790603 1.5133064 0.0394160 -0.1981964 -0.0158013 0.9792420
5.090371 -0.5022089 -0.0873500 1.6134801 0.0383425 -0.2076556 -0.0165980 0.9773093
5.298151 -0.5501618 -0.0957562 1.7142701 0.0370440 -0.2167272 -0.0171160 0.9753789
5.505885 -0.6016272 -0.1036860 1.8185515 0.0334906 -0.2252887 -0.0163672 0.9735787
5.713619 -0.6568047 -0.1104363 1.9253083 0.0289106 -0.2333646 -0.0170935 0.9718091
5.921350 -0.7142841 -0.1161859 2.0330939 0.0272491 -0.2407251 -0.0157135 0.9700835
6.129103 -0.7740121 -0.1234511 2.1424477 0.0255138 -0.2469726 -0.0154989 0.9685625
6.336918 -0.8389097 -0.1286634 2.2570183 0.0255780 -0.2516692 -0.0144071 0.9673680
6.545512 -0.9051602 -0.1349877 2.3715587 0.0254496 -0.2533982 -0.0146866 0.9669157
6.752638 -0.9733565 -0.1419726 2.4911451 0.0238113 -0.2539829 -0.0135763 0.9668202
6.960403 -1.0430760 -0.1483827 2.6132684 0.0241322 -0.2557515 -0.0121028 0.9663655
7.168161 -1.1158975 -0.1552160 2.7374666 0.0209613 -0.2591878 -0.0116329 0.9655294
7.375748 -1.1897291 -0.1614841 2.8605642 0.0177108 -0.2656985 -0.0103920 0.9638374
7.583886 -1.2642963 -0.1681749 2.9803874 0.0195763 -0.2760398 -0.0072950 0.9609191
7.790766 -1.3432871 -0.1738633 3.1003642 0.0167403 -0.2865911 -0.0080533 0.9578729
7.998481 -1.4254712 -0.1796690 3.2188504 0.0157766 -0.2943117 -0.0102834 0.9555239
8.206229 -1.5094151 -0.1849449 3.3369193 0.0218839 -0.2995061 -0.0104633 0.9537860
8.413979 -1.5935557 -0.1913078 3.4531581 0.0206029 -0.3048656 -0.0104051 0.9521157
8.621720 -1.6797280 -0.1966289 3.5711703 0.0169115 -0.3097986 -0.0119035 0.9505773
8.829907 -1.7681661 -0.2017151 3.6891928 0.0183206 -0.3150643 -0.0121714 0.9488154
9.038033 -1.8569125 -0.2072122 3.8052559 0.0196176 -0.3216203 -0.0106314 0.9466057
9.244879 -1.9486578 -0.2136759 3.9199944 0.0182409 -0.3288051 -0.0100270 0.9441684
9.452542 -2.0428627 -0.2190478 4.0346169 0.0190730 -0.3369124 -0.0088640 0.9413010
9.659968 -2.1397700 -0.2251857 4.1465182 0.0199615 -0.3449141 -0.0079327 0.9383885
9.869005 -2.2363334 -0.2316258 4.2558064 0.0196959 -0.3535466 -0.0062371 0.9351888
10.074930 -2.3394167 -0.2378288 4.3664470 0.0182808 -0.3621038 -0.0057029 0.9319410
10.282360 -2.4436667 -0.2442226 4.4773688 0.0190924 -0.3709535 -0.0044956 0.9284443
10.489860 -2.5516105 -0.2506596 4.5875540 0.0185637 -0.3788926 -0.0046329 0.9252428
10.697400 -2.6626830 -0.2575454 4.6950250 0.0191918 -0.3848952 -0.0050522 0.9227469
10.904980 -2.7746847 -0.2647797 4.8034139 0.0212410 -0.3918775 -0.0034775 0.9197656
11.008770 -2.8331280 -0.2682946 4.8561435 0.0218956 -0.3945921 -0.0040716 0.9185865
11.216240 -2.9509809 -0.2754409 4.9644651 0.0206036 -0.4008806 -0.0036519 0.9158913
11.423780 -3.0708187 -0.2823398 5.0718031 0.0205277 -0.4071294 -0.0024512 0.9131365
11.631420 -3.1926289 -0.2898020 5.1775317 0.0197459 -0.4119036 -0.0013047 0.9110125
11.839050 -3.3169169 -0.2972988 5.2846622 0.0204052 -0.4167623 0.0020435 0.9087842
12.149860 -3.5066557 -0.3090547 5.4441094 0.0185651 -0.4283848 0.0090763 0.9033601
12.357360 -3.6393867 -0.3169475 5.5477538 0.0155474 -0.4386121 0.0103981 0.8984818
12.668390 -3.8418608 -0.3296992 5.6948252 0.0170833 -0.4539143 0.0109495 0.8908143
12.875730 -3.9806929 -0.3386230 5.7904615 0.0156164 -0.4643913 0.0129873 0.8853972
13.083110 -4.1215224 -0.3474059 5.8848677 0.0144412 -0.4756241 0.0138337 0.8794212
13.186860 -4.1926293 -0.3512372 5.9296026 0.0151318 -0.4808505 0.0141713 0.8765575
13.394220 -4.3378272 -0.3595777 6.0187340 0.0167684 -0.4913491 0.0142583 0.8706846
13.498010 -4.4112267 -0.3645148 6.0614810 0.0165497 -0.4961372 0.0141351 0.8679713
13.705510 -4.5608940 -0.3727268 6.1459703 0.0145295 -0.5044752 0.0134974 0.8631984
13.912900 -4.7117701 -0.3817278 6.2277794 0.0147411 -0.5118753 0.0150902 0.8588007
14.120270 -4.8652401 -0.3910367 6.3085232 0.0156643 -0.5181766 0.0182799 0.8549348
14.224500 -4.9416742 -0.3964717 6.3480949 0.0159698 -0.5207807 0.0201738 0.8533027
14.431260 -5.0965414 -0.4070783 6.4272704 0.0125662 -0.5251932 0.0216294 0.8506153
14.638630 -5.2510471 -0.4167835 6.5020924 0.0094866 -0.5281360 0.0216263 0.8488314
14.846120 -5.4039149 -0.4258682 6.5759521 0.0071251 -0.5304609 0.0227050 0.8473753
15.053740 -5.5539021 -0.4347691 6.6488667 0.0052734 -0.5329056 0.0235248 0.8458312
15.261240 -5.7051029 -0.4424740 6.7191133 0.0027415 -0.5348889 0.0251877 0.8445424
15.468850 -5.8523736 -0.4509398 6.7877054 0.0008316 -0.5365508 0.0264609 0.8434527
15.676510 -5.9990067 -0.4585823 6.8538532 0.0017624 -0.5368728 0.0268406 0.8432343
15.884100 -6.1361609 -0.4662256 6.9181290 0.0031528 -0.5357671 0.0262828 0.8439508
16.091900 -6.2727718 -0.4732686 6.9823322 0.0050153 -0.5313858 0.0260108 0.8467156
16.299500 -6.4064865 -0.4810471 7.0478201 0.0050830 -0.5254806 0.0250668 0.8504210
16.507260 -6.5374241 -0.4883533 7.1143045 0.0054573 -0.5172415 0.0237344 0.8554929
16.714990 -6.6656275 -0.4949402 7.1833096 0.0068290 -0.5078892 0.0231024 0.8610855
16.922750 -6.7897878 -0.5029712 7.2533331 0.0099653 -0.4969965 0.0219265 0.8674182
17.130540 -6.9137530 -0.5108965 7.3274746 0.0101336 -0.4841171 0.0189419 0.8747395
17.234250 -6.9738798 -0.5146243 7.3658552 0.0095919 -0.4777882 0.0184485 0.8782290
17.442380 -7.0918374 -0.5214074 7.4442253 0.0102320 -0.4651570 0.0173785 0.8849984
17.649360 -7.2056313 -0.5286123 7.5239086 0.0111502 -0.4527732 0.0177626 0.8913791
17.753120 -7.2603388 -0.5332150 7.5653634 0.0107776 -0.4469261 0.0173967 0.8943368
17.857050 -7.3140936 -0.5363275 7.6063819 0.0103482 -0.4409105 0.0164540 0.8973406
17.960530 -7.3676553 -0.5392102 7.6480732 0.0090763 -0.4352126 0.0157341 0.9001445
18.064140 -7.4195328 -0.5425363 7.6896596 0.0089720 -0.4294179 0.0147395 0.9029410
18.167890 -7.4706984 -0.5459224 7.7310147 0.0100228 -0.4234337 0.0141292 0.9057614
18.375420 -7.5690179 -0.5521590 7.8157091 0.0110569 -0.4122555 0.0130681 0.9109074
18.479100 -7.6179690 -0.5551921 7.8598895 0.0102403 -0.4068382 0.0123319 0.9133596
18.686620 -7.7131233 -0.5610509 7.9478111 0.0089318 -0.3962681 0.0118916 0.9180143
18.894080 -7.8035111 -0.5663600 8.0348263 0.0093256 -0.3866397 0.0109310 0.9221189
18.997780 -7.8478451 -0.5687110 8.0785227 0.0082883 -0.3819740 0.0099330 0.9240825
19.205270 -7.9318829 -0.5730780 8.1656818 0.0071969 -0.3726091 0.0082137 0.9279241
19.309140 -7.9733672 -0.5751206 8.2088070 0.0073728 -0.3673234 0.0077539 0.9300317
19.516610 -8.0527334 -0.5791137 8.2954798 0.0063539 -0.3558875 0.0051989 0.9344927
19.725730 -8.1274366 -0.5825815 8.3821058 0.0053105 -0.3421462 0.0024989 0.9396284
19.932000 -8.1983261 -0.5861228 8.4698954 0.0069867 -0.3275868 0.0021251 0.9447929
20.139770 -8.2660103 -0.5894181 8.5595617 0.0062785 -0.3119886 0.0010646 0.9500645
20.347360 -8.3281803 -0.5920267 8.6474981 0.0040523 -0.2960036 -0.0000615 0.9551783
20.555010 -8.3881302 -0.5941637 8.7389336 0.0017923 -0.2813407 -0.0002969 0.9596062
20.762700 -8.4462843 -0.5960091 8.8326626 0.0007837 -0.2688595 0.0002531 0.9631791
20.970000 -8.5029335 -0.5974700 8.9290228 0.0010181 -0.2563061 -0.0014595 0.9665940
21.177620 -8.5569267 -0.5995020 9.0268946 0.0008142 -0.2444522 -0.0015200 0.9696598
21.385010 -8.6088095 -0.6008109 9.1274061 0.0016149 -0.2349341 -0.0008737 0.9720095
21.592490 -8.6605988 -0.6021392 9.2308722 -0.0001529 -0.2279470 -0.0018650 0.9736717
21.799990 -8.7122059 -0.6030892 9.3369532 -0.0030250 -0.2209431 -0.0046444 0.9752709
22.007420 -8.7643080 -0.6032853 9.4467926 -0.0048929 -0.2136163 -0.0065982 0.9768831
22.318740 -8.8401461 -0.6015201 9.6183071 -0.0075787 -0.2015432 -0.0065670 0.9794283
22.630130 -8.9141235 -0.6005229 9.7992964 -0.0068862 -0.1870802 -0.0043218 0.9823110
22.941740 -8.9836388 -0.5997037 9.9874792 -0.0054239 -0.1657363 -0.0069900 0.9861304
23.149820 -9.0252314 -0.5996778 10.1170950 -0.0071086 -0.1457132 -0.0104164 0.9892465
23.461620 -9.0782156 -0.5979162 10.3214951 -0.0092208 -0.1125991 -0.0124074 0.9935203
23.773430 -9.1205301 -0.5939883 10.5400372 -0.0141477 -0.0785461 -0.0152633 0.9966933
24.085120 -9.1478958 -0.5903294 10.7633533 -0.0124988 -0.0456201 -0.0165637 0.9987434
24.396610 -9.1624813 -0.5854021 11.0002985 -0.0145441 -0.0151374 -0.0166516 0.9996409
24.708120 -9.1619425 -0.5809681 11.2412701 -0.0148861 0.0155417 -0.0195677 0.9995769
25.019370 -9.1467094 -0.5778345 11.4934063 -0.0121286 0.0449541 -0.0218381 0.9986767
25.330500 -9.1156502 -0.5755553 11.7483549 -0.0069745 0.0733639 -0.0225125 0.9970267
25.641640 -9.0700331 -0.5786259 12.0089073 0.0004544 0.0999661 -0.0253020 0.9946690
25.952760 -9.0083399 -0.5842670 12.2758579 0.0019142 0.1266075 -0.0261408 0.9916065
26.264020 -8.9323349 -0.5903826 12.5526514 0.0065467 0.1524193 -0.0273322 0.9879162
26.575260 -8.8424673 -0.5989995 12.8253412 0.0101229 0.1798082 -0.0298977 0.9831951
26.886640 -8.7316208 -0.6129237 13.0986338 0.0165743 0.2080203 -0.0313857 0.9774804
27.198240 -8.6016016 -0.6315575 13.3718147 0.0190574 0.2458593 -0.0362210 0.9684411
27.405990 -8.5031137 -0.6449695 13.5487566 0.0213805 0.2734514 -0.0398510 0.9608221
27.613650 -8.3910542 -0.6608590 13.7220097 0.0233437 0.3000756 -0.0406560 0.9527627
27.821250 -8.2713490 -0.6787703 13.8869343 0.0282250 0.3260379 -0.0411678 0.9440380
28.132630 -8.0742350 -0.7085805 14.1268091 0.0322416 0.3613072 -0.0413499 0.9309714
28.443750 -7.8575530 -0.7414274 14.3525124 0.0366659 0.3911878 -0.0405208 0.9186870
28.651150 -7.7039914 -0.7649049 14.4960270 0.0406003 0.4097596 -0.0407162 0.9103795
28.858560 -7.5462046 -0.7901677 14.6318979 0.0406538 0.4287082 -0.0414983 0.9015733
29.065910 -7.3857079 -0.8156376 14.7589216 0.0379739 0.4485590 -0.0434419 0.8918887
29.273280 -7.2211905 -0.8408111 14.8780909 0.0376074 0.4676965 -0.0461528 0.8818818
29.480640 -7.0559134 -0.8671514 14.9874039 0.0371350 0.4871256 -0.0481271 0.8712137
29.688050 -6.8854895 -0.8938767 15.0878363 0.0340630 0.5082632 -0.0478449 0.8591968
29.895500 -6.7112446 -0.9188777 15.1834049 0.0318894 0.5294328 -0.0483452 0.8463727
30.206740 -6.4476018 -0.9549754 15.3037348 0.0328720 0.5584724 -0.0474936 0.8275097
30.414180 -6.2691288 -0.9789467 15.3699217 0.0337065 0.5767000 -0.0455729 0.8149871
30.621900 -6.0919762 -1.0037830 15.4293022 0.0353175 0.5939139 -0.0472634 0.8023622
30.829180 -5.9153509 -1.0295392 15.4807873 0.0405403 0.6093477 -0.0538928 0.7900300
31.036690 -5.7436028 -1.0562708 15.5243950 0.0398880 0.6252873 -0.0576729 0.7772378
31.244130 -5.5723877 -1.0830812 15.5598459 0.0370844 0.6406358 -0.0604372 0.7645638
31.451710 -5.4037638 -1.1098469 15.5877819 0.0356830 0.6551961 -0.0607154 0.7521691
31.659170 -5.2370024 -1.1345758 15.6094875 0.0360657 0.6690644 -0.0636729 0.7395930
31.866620 -5.0727715 -1.1610813 15.6243715 0.0351439 0.6822101 -0.0639729 0.7275038
32.075790 -4.9110279 -1.1856340 15.6325884 0.0329046 0.6931217 -0.0607141 0.7175050
32.281410 -4.7522230 -1.2097479 15.6375427 0.0325836 0.7015285 -0.0590254 0.7094449
32.488780 -4.5979910 -1.2332314 15.6396961 0.0334677 0.7068264 -0.0610584 0.7039518
32.696160 -4.4475689 -1.2568715 15.6397772 0.0377627 0.7103621 -0.0661350 0.6997041
32.903550 -4.3002114 -1.2807294 15.6394043 0.0353422 0.7136476 -0.0645105 0.6966322
33.110900 -4.1536503 -1.3024800 15.6360931 0.0314991 0.7152827 -0.0590815 0.6956205
33.318440 -4.0106783 -1.3240963 15.6333361 0.0330990 0.7147993 -0.0610829 0.6958702
33.525770 -3.8692083 -1.3457699 15.6316042 0.0324483 0.7132485 -0.0637845 0.6972483
33.733120 -3.7306695 -1.3664317 15.6312838 0.0323633 0.7107427 -0.0658571 0.6996143
33.940910 -3.5918143 -1.3870608 15.6321936 0.0314277 0.7068315 -0.0671549 0.7034854
34.147880 -3.4542866 -1.4085325 15.6345062 0.0316909 0.7019704 -0.0650102 0.7085245
34.355380 -3.3194690 -1.4290683 15.6381683 0.0320496 0.6968468 -0.0652362 0.7135276
34.666810 -3.1193218 -1.4594272 15.6484747 0.0293821 0.6899167 -0.0640708 0.7204489
34.874180 -2.9853148 -1.4794214 15.6572247 0.0303596 0.6848850 -0.0649037 0.7251195
35.081760 -2.8534198 -1.4985554 15.6680832 0.0310765 0.6799932 -0.0664438 0.7295401
35.289260 -2.7221022 -1.5180455 15.6804924 0.0300621 0.6750783 -0.0674353 0.7340423
35.496880 -2.5907097 -1.5378637 15.6940031 0.0281275 0.6702702 -0.0663230 0.7386122
35.704390 -2.4586995 -1.5564084 15.7088223 0.0287175 0.6651081 -0.0662158 0.7432509
35.911880 -2.3295097 -1.5757247 15.7255650 0.0310738 0.6589798 -0.0650214 0.7487004
36.119380 -2.2004302 -1.5949804 15.7454453 0.0321551 0.6518024 -0.0663574 0.7547956
36.326820 -2.0725968 -1.6137359 15.7672520 0.0300360 0.6468916 -0.0661642 0.7591122
36.534410 -1.9449898 -1.6321173 15.7892723 0.0299523 0.6441456 -0.0674893 0.7613307
36.742000 -1.8147002 -1.6506693 15.8127441 0.0309492 0.6419069 -0.0675079 0.7631778
36.949590 -1.6818769 -1.6706879 15.8386621 0.0321583 0.6395387 -0.0664206 0.7652087
37.157030 -1.5482913 -1.6899855 15.8639746 0.0317725 0.6366762 -0.0660670 0.7676386
37.364510 -1.4139099 -1.7099108 15.8905506 0.0310653 0.6335756 -0.0630115 0.7704846
37.572000 -1.2820122 -1.7293408 15.9194231 0.0332957 0.6288877 -0.0633288 0.7741971
37.779750 -1.1505866 -1.7486744 15.9504824 0.0329921 0.6237311 -0.0623685 0.7784479
38.090970 -0.9562876 -1.7763987 16.0003586 0.0357307 0.6123418 -0.0596524 0.7875293
38.298280 -0.8277743 -1.7948598 16.0372715 0.0345139 0.6034896 -0.0585231 0.7944710
38.505750 -0.6999040 -1.8135781 16.0773525 0.0339916 0.5946146 -0.0594778 0.8010870
38.713300 -0.5743232 -1.8313055 16.1204910 0.0341588 0.5858871 -0.0613159 0.8073474
38.920770 -0.4493623 -1.8500900 16.1652737 0.0317851 0.5778609 -0.0619129 0.8131625
39.128410 -0.3251848 -1.8678545 16.2113838 0.0307678 0.5709711 -0.0609074 0.8181293
39.335930 -0.2022405 -1.8854618 16.2599468 0.0289930 0.5641105 -0.0615440 0.8228920
39.543570 -0.0817213 -1.9024312 16.3104019 0.0300449 0.5570483 -0.0626349 0.8275696
39.751160 0.0378647 -1.9195817 16.3626499 0.0290351 0.5496624 -0.0616409 0.8326035
40.063320 0.2133794 -1.9446349 16.4448948 0.0252160 0.5383770 -0.0591525 0.8402472
40.270040 0.3278680 -1.9593445 16.5017033 0.0239173 0.5303087 -0.0600360 0.8453380
40.477820 0.4414134 -1.9739690 16.5612049 0.0220931 0.5226777 -0.0599428 0.8501334
40.685040 0.5536208 -1.9883760 16.6225166 0.0222541 0.5146819 -0.0596786 0.8550121
40.892540 0.6641068 -2.0029240 16.6841278 0.0216264 0.5064661 -0.0595752 0.8599274
41.100140 0.7737317 -2.0167818 16.7485828 0.0193882 0.4997084 -0.0580943 0.8640258
41.307630 0.8836107 -2.0298305 16.8151875 0.0167184 0.4953977 -0.0571928 0.8666202
41.515430 0.9939523 -2.0421026 16.8827553 0.0136182 0.4927070 -0.0557481 0.8683009
41.723100 1.1043038 -2.0540252 16.9505920 0.0131996 0.4908633 -0.0557187 0.8693529
41.930550 1.2150898 -2.0662749 17.0188560 0.0148379 0.4889800 -0.0556852 0.8703893
42.138180 1.3268394 -2.0784292 17.0883656 0.0143750 0.4873419 -0.0528780 0.8714902
42.345760 1.4391499 -2.0896339 17.1580677 0.0121609 0.4861029 -0.0507130 0.8723441
42.657050 1.6071963 -2.1055615 17.2653885 0.0096581 0.4851482 -0.0497739 0.8729608
43.072130 1.8314743 -2.1251333 17.4098930 0.0056465 0.4845449 -0.0486238 0.8733957
43.383520 2.0007796 -2.1386464 17.5170784 0.0038386 0.4829059 -0.0471334 0.8743944
43.694790 2.1686769 -2.1512513 17.6248970 0.0019043 0.4795635 -0.0458885 0.8763044
43.902170 2.2788773 -2.1590495 17.6981773 -0.0001455 0.4768299 -0.0445364 0.8778666
44.213300 2.4442272 -2.1700902 17.8102627 -0.0011067 0.4681135 -0.0409033 0.8827205
44.421790 2.5504642 -2.1766703 17.8862629 -0.0015905 0.4616830 -0.0415984 0.8860676
44.628020 2.6576095 -2.1831312 17.9645977 -0.0043478 0.4544835 -0.0390612 0.8898877
44.835670 2.7616386 -2.1886520 18.0430622 -0.0041169 0.4457736 -0.0377816 0.8943386
45.043060 2.8645210 -2.1937587 18.1249352 -0.0039152 0.4353231 -0.0365366 0.8995241
45.250540 2.9670892 -2.1977232 18.2116814 -0.0053440 0.4248503 -0.0349487 0.9045730
45.458050 3.0680695 -2.2029266 18.3001442 -0.0075028 0.4139977 -0.0341423 0.9096065
45.665520 3.1688352 -2.2060568 18.3923912 -0.0109401 0.4032832 -0.0324473 0.9144343
45.873020 3.2696304 -2.2080600 18.4876747 -0.0135662 0.3921692 -0.0283505 0.9193560
46.184260 3.4168015 -2.2105701 18.6375847 -0.0140139 0.3732043 -0.0232697 0.9273514
46.391460 3.5124540 -2.2110312 18.7418804 -0.0160154 0.3602015 -0.0207016 0.9325073
46.598920 3.6058612 -2.2107491 18.8500195 -0.0173739 0.3470838 -0.0186712 0.9374872
46.806400 3.6967897 -2.2095780 18.9629745 -0.0188347 0.3347787 -0.0194497 0.9419078
47.013900 3.7863398 -2.2080882 19.0791473 -0.0205884 0.3249116 -0.0219153 0.9452662
47.221650 3.8753057 -2.2074511 19.1974106 -0.0206258 0.3154892 -0.0241234 0.9483982
47.429220 3.9612155 -2.2055902 19.3189468 -0.0248564 0.3070925 -0.0259487 0.9510010
47.636820 4.0465908 -2.2023730 19.4440536 -0.0273557 0.2996483 -0.0297198 0.9531943
47.844470 4.1301327 -2.1992617 19.5702038 -0.0304264 0.2942336 -0.0333713 0.9546660
48.052150 4.2135310 -2.1961017 19.6964855 -0.0260169 0.2912754 -0.0370888 0.9555659
48.259930 4.2961345 -2.1933990 19.8240242 -0.0247164 0.2900482 -0.0400551 0.9558539
48.467570 4.3800979 -2.1920481 19.9517002 -0.0257728 0.2894289 -0.0395602 0.9560344
48.675200 4.4642854 -2.1903250 20.0804806 -0.0248147 0.2885646 -0.0387815 0.9563528
48.882650 4.5491152 -2.1891847 20.2083969 -0.0233978 0.2865050 -0.0377645 0.9570482
49.090150 4.6327400 -2.1873598 20.3403053 -0.0239200 0.2834335 -0.0362755 0.9580070
49.297550 4.7152753 -2.1853781 20.4719105 -0.0234331 0.2758765 -0.0353971 0.9602552
49.504900 4.7946296 -2.1839099 20.6059494 -0.0245537 0.2649139 -0.0343603 0.9633468
49.712270 4.8704662 -2.1818686 20.7405109 -0.0244962 0.2521904 -0.0345323 0.9667510
49.919640 4.9426780 -2.1795731 20.8768730 -0.0270059 0.2394464 -0.0343553 0.9699257
50.127010 5.0114713 -2.1769624 21.0151138 -0.0272463 0.2259687 -0.0335035 0.9731769
50.334510 5.0763893 -2.1734967 21.1569672 -0.0282833 0.2127708 -0.0358374 0.9760350
50.542010 5.1360927 -2.1692772 21.2996159 -0.0284152 0.2006206 -0.0396958 0.9784519
50.749770 5.1931076 -2.1660471 21.4422512 -0.0297008 0.1925215 -0.0426299 0.9799163
50.957390 5.2488518 -2.1619172 21.5850563 -0.0288148 0.1874882 -0.0417814 0.9809548
51.165140 5.3038411 -2.1583264 21.7281818 -0.0284254 0.1825597 -0.0403047 0.9819570
51.372640 5.3565354 -2.1550553 21.8707542 -0.0265883 0.1773251 -0.0390048 0.9830196
51.580140 5.4076676 -2.1517334 22.0146694 -0.0255235 0.1714015 -0.0396756 0.9840711
51.787640 5.4571218 -2.1473529 22.1603642 -0.0282355 0.1642613 -0.0403787 0.9851855
51.995010 5.5032997 -2.1440597 22.3053341 -0.0290394 0.1583839 -0.0404560 0.9861209
52.202390 5.5486631 -2.1400571 22.4494495 -0.0261913 0.1543668 -0.0380934 0.9869315
52.306140 5.5710993 -2.1377573 22.5212173 -0.0258040 0.1533308 -0.0372271 0.9871362
52.513900 5.6153016 -2.1347139 22.6619358 -0.0276604 0.1561761 -0.0405429 0.9865091
52.721640 5.6595488 -2.1315441 22.7980595 -0.0284365 0.1673334 -0.0445277 0.9844837
52.929520 5.7061062 -2.1283958 22.9286709 -0.0287523 0.1781553 -0.0442196 0.9825877
53.137020 5.7533760 -2.1264105 23.0535698 -0.0281298 0.1850097 -0.0425505 0.9814121
53.344390 5.8022633 -2.1245725 23.1764030 -0.0258381 0.1862069 -0.0413579 0.9812996
53.551780 5.8482232 -2.1221356 23.2974377 -0.0247441 0.1812939 -0.0393933 0.9823281
53.759020 5.8924451 -2.1206422 23.4177074 -0.0239653 0.1704907 -0.0354965 0.9844280
53.966270 5.9314747 -2.1179197 23.5397015 -0.0238939 0.1550443 -0.0326119 0.9870799
54.173520 5.9668331 -2.1158566 23.6610985 -0.0231888 0.1341127 -0.0282063 0.9902931
54.380770 5.9945421 -2.1134040 23.7839012 -0.0226351 0.1099743 -0.0276453 0.9932920
54.588020 6.0161734 -2.1102879 23.9081898 -0.0204855 0.0828360 -0.0269489 0.9959881
54.691640 6.0233598 -2.1087615 23.9698086 -0.0203180 0.0682791 -0.0282466 0.9970593
54.795390 6.0292854 -2.1074860 24.0319748 -0.0205156 0.0532117 -0.0280634 0.9979780
54.899020 6.0330844 -2.1058233 24.0941086 -0.0211890 0.0377796 -0.0269203 0.9986987
55.106520 6.0347552 -2.1030431 24.2183533 -0.0203962 0.0069603 -0.0273288 0.9993942
55.314140 6.0291872 -2.0996747 24.3438225 -0.0187964 -0.0202861 -0.0287688 0.9992034
55.522020 6.0188732 -2.0958352 24.4709454 -0.0207303 -0.0396930 -0.0320501 0.9984826
55.730050 6.0045500 -2.0912712 24.5997143 -0.0231863 -0.0479498 -0.0371732 0.9978884
55.938270 5.9910083 -2.0871081 24.7294006 -0.0174072 -0.0498293 -0.0392477 0.9978345
56.146400 5.9766884 -2.0839977 24.8640347 -0.0168645 -0.0472149 -0.0408674 0.9979059
56.354520 5.9636588 -2.0796750 25.0002899 -0.0157248 -0.0441558 -0.0393299 0.9981263
56.562530 5.9519968 -2.0774503 25.1392498 -0.0111577 -0.0421356 -0.0372632 0.9983544
56.770390 5.9387798 -2.0748816 25.2841301 -0.0106607 -0.0400783 -0.0369791 0.9984551
56.978150 5.9262142 -2.0728097 25.4301491 -0.0124357 -0.0396001 -0.0386319 0.9983911
57.185780 5.9130383 -2.0705829 25.5790520 -0.0124235 -0.0397395 -0.0410022 0.9982912
57.393270 5.8995123 -2.0679421 25.7304459 -0.0111537 -0.0404874 -0.0416973 0.9982473
57.600640 5.8855219 -2.0656004 25.8826046 -0.0084845 -0.0425425 -0.0400066 0.9982573
57.808020 5.8716917 -2.0647848 26.0381203 -0.0098241 -0.0487195 -0.0347764 0.9981586
58.015420 5.8538313 -2.0638294 26.1923523 -0.0095117 -0.0582378 -0.0308794 0.9977797
58.222770 5.8335485 -2.0624738 26.3465137 -0.0084321 -0.0681220 -0.0285449 0.9972329
58.430270 5.8100233 -2.0615616 26.5000992 -0.0089488 -0.0775815 -0.0279719 0.9965534
58.637900 5.7827473 -2.0606825 26.6536789 -0.0083841 -0.0866109 -0.0272629 0.9958338
58.845400 5.7532516 -2.0602651 26.8049088 -0.0070089 -0.0952444 -0.0272133 0.9950572
59.052900 5.7216167 -2.0598969 26.9548779 -0.0067834 -0.1025693 -0.0272667 0.9943289
59.260530 5.6886988 -2.0592318 27.1027794 -0.0057300 -0.1084946 -0.0244170 0.9937806
59.468030 5.6547842 -2.0592635 27.2497902 -0.0013196 -0.1143932 -0.0199064 0.9932352
59.779400 5.5999260 -2.0601680 27.4722252 -0.0029704 -0.1224600 -0.0175620 0.9923136
59.987020 5.5612335 -2.0602155 27.6204033 -0.0030755 -0.1255891 -0.0182883 0.9919090
60.194660 5.5217619 -2.0604479 27.7703018 -0.0062770 -0.1279149 -0.0166905 0.9916248
60.402270 5.4821548 -2.0593340 27.9188023 -0.0075454 -0.1285728 -0.0125918 0.9915915
60.609930 5.4424038 -2.0584209 28.0689278 -0.0082844 -0.1295682 -0.0084628 0.9914998
60.817540 5.4022489 -2.0579977 28.2189884 -0.0086201 -0.1307409 -0.0058386 0.9913619
61.025270 5.3615980 -2.0574551 28.3689804 -0.0102507 -0.1320808 -0.0057862 0.9911690
61.232720 5.3200674 -2.0558152 28.5190639 -0.0123030 -0.1332437 -0.0078117 0.9909762
61.440150 5.2775927 -2.0536203 28.6691360 -0.0139885 -0.1334032 -0.0102113 0.9909105
61.647800 5.2350225 -2.0513916 28.8174171 -0.0153189 -0.1314920 -0.0111081 0.9911366
61.855290 5.1944642 -2.0478506 28.9663029 -0.0173240 -0.1300143 -0.0115101 0.9912940
62.166620 5.1356349 -2.0434976 29.1865196 -0.0193770 -0.1279251 -0.0135587 0.9915018
62.477810 5.0763845 -2.0372663 29.4078999 -0.0214871 -0.1260143 -0.0121490 0.9917213
62.685330 5.0384688 -2.0332484 29.5535851 -0.0243386 -0.1248693 -0.0098520 0.9918257
62.892780 5.0016103 -2.0281360 29.6971321 -0.0245627 -0.1237251 -0.0075622 0.9919837
63.100390 4.9663925 -2.0231953 29.8405018 -0.0252297 -0.1236731 -0.0036939 0.9919953
63.411420 4.9116025 -2.0163355 30.0523872 -0.0259605 -0.1237428 -0.0024726 0.9919716
63.618820 4.8752441 -2.0112660 30.1911640 -0.0276397 -0.1239720 -0.0024876 0.9918976
63.929910 4.8220010 -2.0044360 30.3967743 -0.0280934 -0.1244664 -0.0022033 0.9918236
64.137290 4.7871876 -1.9997029 30.5303440 -0.0296733 -0.1250048 -0.0016224 0.9917110
64.344770 4.7525239 -1.9940102 30.6638794 -0.0296764 -0.1254605 -0.0019567 0.9916527
64.552380 4.7176456 -1.9885731 30.7955475 -0.0308563 -0.1254507 -0.0041444 0.9916112
64.759950 4.6832514 -1.9828769 30.9257736 -0.0326494 -0.1252155 -0.0050492 0.9915794
64.967450 4.6492248 -1.9764307 31.0554771 -0.0358315 -0.1255503 -0.0054579 0.9914250
65.174920 4.6152115 -1.9692760 31.1843147 -0.0396134 -0.1271290 -0.0050824 0.9910818
65.382430 4.5812149 -1.9605267 31.3105869 -0.0415109 -0.1289334 -0.0040464 0.9907758
65.486120 4.5645986 -1.9565485 31.3731174 -0.0423285 -0.1297673 -0.0029257 0.9906362
65.589790 4.5477152 -1.9522119 31.4353981 -0.0426824 -0.1307354 -0.0032312 0.9904928
65.693560 4.5306673 -1.9483521 31.4973373 -0.0429341 -0.1313003 -0.0027202 0.9904088
65.797310 4.5141778 -1.9439497 31.5589981 -0.0434929 -0.1314106 -0.0020214 0.9903714
66.004800 4.4807949 -1.9351373 31.6801662 -0.0436135 -0.1304733 -0.0015417 0.9904909
66.212160 4.4496326 -1.9269154 31.7986031 -0.0444734 -0.1298849 0.0019494 0.9905292
66.419700 4.4184437 -1.9179370 31.9157600 -0.0439494 -0.1295482 0.0016739 0.9905972
66.627050 4.3881965 -1.9106843 32.0288582 -0.0420726 -0.1285692 0.0026631 0.9908041
66.834590 4.3580222 -1.9037178 32.1380043 -0.0412652 -0.1276467 0.0019715 0.9909589
67.042030 4.3295784 -1.8971233 32.2462540 -0.0405693 -0.1266986 0.0036844 0.9911044
67.249580 4.3024330 -1.8889406 32.3524094 -0.0395110 -0.1241202 0.0040080 0.9914721
67.457250 4.2761769 -1.8826957 32.4594650 -0.0384745 -0.1178953 0.0044313 0.9922705
67.664920 4.2521119 -1.8761179 32.5666275 -0.0406472 -0.1069746 0.0008663 0.9934301
67.976670 4.2209077 -1.8649912 32.7299767 -0.0459356 -0.0816919 -0.0012410 0.9955977
68.184680 4.2071581 -1.8576641 32.8378067 -0.0477314 -0.0594636 -0.0047211 0.9970775
68.392670 4.1990533 -1.8490036 32.9470177 -0.0488756 -0.0336860 -0.0053317 0.9982224
68.600540 4.1970253 -1.8401666 33.0555534 -0.0460691 -0.0067262 -0.0048528 0.9989038
68.808420 4.2009001 -1.8324239 33.1648979 -0.0456059 0.0202173 -0.0044539 0.9987450
69.016040 4.2109842 -1.8235836 33.2744522 -0.0459511 0.0464593 -0.0025470 0.9978595
69.223670 4.2265134 -1.8163416 33.3840942 -0.0463918 0.0716813 -0.0015488 0.9963470
69.431290 4.2486176 -1.8076460 33.4941635 -0.0455797 0.0966779 -0.0000947 0.9942715
69.742460 4.2909355 -1.7954021 33.6591148 -0.0426511 0.1311300 0.0012186 0.9904465
69.950110 4.3252778 -1.7876565 33.7689896 -0.0415884 0.1504512 0.0016522 0.9877409
70.157430 4.3635764 -1.7801206 33.8792419 -0.0405125 0.1686731 0.0013589 0.9848382
70.364970 4.4069686 -1.7722893 33.9901390 -0.0395506 0.1868857 0.0016843 0.9815837
70.572360 4.4546881 -1.7645206 34.1003876 -0.0396343 0.2054374 0.0033317 0.9778617
70.779670 4.5068560 -1.7577899 34.2094727 -0.0403098 0.2231176 0.0027011 0.9739540
70.987040 4.5631056 -1.7503812 34.3179016 -0.0374117 0.2402626 0.0024223 0.9699837
71.194400 4.6235256 -1.7436154 34.4258537 -0.0358011 0.2585198 -0.0012656 0.9653415
71.401990 4.6892414 -1.7373762 34.5316696 -0.0370728 0.2793269 -0.0023432 0.9594772
71.609450 4.7601337 -1.7310498 34.6343880 -0.0385050 0.3019898 -0.0021883 0.9525307
71.817050 4.8358030 -1.7245436 34.7318420 -0.0383260 0.3276488 -0.0019759 0.9440199
72.024670 4.9172459 -1.7184813 34.8254700 -0.0375239 0.3533316 -0.0010567 0.9347447
72.232060 5.0033493 -1.7125919 34.9133644 -0.0370150 0.3778895 0.0015427 0.9251092
72.439440 5.0933933 -1.7065153 34.9974060 -0.0356623 0.3998219 0.0024105 0.9158956
72.646700 5.1862345 -1.7011617 35.0774460 -0.0349830 0.4182802 0.0045473 0.9076327
72.854050 5.2834959 -1.6945816 35.1556664 -0.0361209 0.4356441 0.0046783 0.8993818
73.061450 5.3849716 -1.6874392 35.2298203 -0.0338460 0.4526137 0.0043969 0.8910533
73.268930 5.4903946 -1.6804590 35.3017159 -0.0380915 0.4703016 0.0061338 0.8816620
73.580270 5.6550732 -1.6685150 35.4025192 -0.0377044 0.5004720 0.0063954 0.8649077
73.787750 5.7700891 -1.6626824 35.4614296 -0.0361087 0.5210069 0.0084523 0.8527464
73.995310 5.8888788 -1.6561610 35.5157051 -0.0340018 0.5423481 0.0118765 0.8393815
74.306540 6.0775681 -1.6465554 35.5884209 -0.0330987 0.5742350 0.0123298 0.8179282
74.514170 6.2078514 -1.6399485 35.6299553 -0.0325986 0.5954771 0.0100178 0.8026481
74.825180 6.4122310 -1.6312178 35.6813507 -0.0332429 0.6274999 0.0090841 0.7778537
75.032640 6.5521278 -1.6257527 35.7053070 -0.0314023 0.6482989 0.0109811 0.7606589
75.240090 6.6959028 -1.6197103 35.7229538 -0.0304690 0.6681907 0.0128197 0.7432554
75.447460 6.8427906 -1.6130555 35.7339478 -0.0284014 0.6870187 0.0125073 0.7259768
75.654690 6.9931970 -1.6070266 35.7375374 -0.0288266 0.7050444 0.0132398 0.7084534
75.862200 7.1433520 -1.6007466 35.7333336 -0.0299509 0.7221000 0.0147677 0.6909822
76.069540 7.2947893 -1.5944763 35.7215919 -0.0298041 0.7389995 0.0130750 0.6729193
76.276990 7.4485955 -1.5876113 35.7009392 -0.0282621 0.7555498 0.0121618 0.6543682
76.484350 7.6023760 -1.5815964 35.6742630 -0.0272767 0.7712415 0.0138596 0.6358068
76.691750 7.7548504 -1.5768334 35.6389427 -0.0238310 0.7847758 0.0144137 0.6191537
76.899070 7.9089594 -1.5706397 35.5981102 -0.0234200 0.7974429 0.0138042 0.6027817
77.210160 8.1398373 -1.5639409 35.5240250 -0.0226634 0.8164052 0.0086676 0.5769695
77.417440 8.2925968 -1.5602305 35.4656334 -0.0241340 0.8283384 0.0088006 0.5596387
77.624880 8.4446945 -1.5556016 35.4005165 -0.0240390 0.8389894 0.0089754 0.5435424
77.832140 8.5936956 -1.5517719 35.3288155 -0.0222260 0.8460782 0.0104779 0.5324922
77.935700 8.6692791 -1.5497793 35.2927933 -0.0197837 0.8487630 0.0105850 0.5282971
78.142930 8.8208094 -1.5464838 35.2175064 -0.0157015 0.8520895 0.0141619 0.5229688
78.350300 8.9733276 -1.5423210 35.1399727 -0.0139347 0.8536677 0.0171010 0.5203506
78.557850 9.1268530 -1.5385344 35.0610504 -0.0149459 0.8541610 0.0191903 0.5194394
78.661450 9.2049904 -1.5363027 35.0222931 -0.0170144 0.8547280 0.0202819 0.5184006
78.765630 9.2832775 -1.5328978 34.9824181 -0.0182471 0.8550847 0.0213569 0.5177269
78.868800 9.3613434 -1.5297147 34.9418831 -0.0180562 0.8553912 0.0216126 0.5172164
78.972430 9.4404697 -1.5269181 34.9008446 -0.0175758 0.8556004 0.0207762 0.5169210
79.081780 9.5174809 -1.5236759 34.8610764 -0.0163798 0.8558916 0.0203652 0.5164943
79.179920 9.5949574 -1.5211918 34.8195724 -0.0151289 0.8560578 0.0207066 0.5162435
79.283570 9.6730671 -1.5186069 34.7784882 -0.0149026 0.8563850 0.0209941 0.5156955
79.491080 9.8315048 -1.5118796 34.6949577 -0.0155850 0.8569238 0.0230009 0.5146938
79.594920 9.9098635 -1.5100307 34.6536522 -0.0163582 0.8572733 0.0243325 0.5140259
79.802330 10.0700750 -1.5021788 34.5695953 -0.0168425 0.8579565 0.0248722 0.5128433
80.009790 10.2324104 -1.4941086 34.4844322 -0.0149962 0.8585132 0.0247030 0.5119765
80.217170 10.3940802 -1.4872576 34.3975906 -0.0142242 0.8585809 0.0246745 0.5118863
80.321020 10.4754887 -1.4834406 34.3547058 -0.0145182 0.8585830 0.0254304 0.5118377
80.528440 10.6398544 -1.4760702 34.2680359 -0.0144525 0.8586266 0.0231589 0.5118741
80.632230 10.7226410 -1.4729466 34.2231598 -0.0134476 0.8583189 0.0214241 0.5124928
80.839590 10.8891382 -1.4671803 34.1354256 -0.0125737 0.8584649 0.0223199 0.5122322
80.943530 10.9740791 -1.4639266 34.0904617 -0.0134454 0.8585848 0.0239143 0.5119370
81.150830 11.1427937 -1.4571296 34.0004730 -0.0139733 0.8586984 0.0231529 0.5117673
81.358350 11.3143291 -1.4501755 33.9090042 -0.0152622 0.8588688 0.0230352 0.5114496
81.462060 11.4009819 -1.4464344 33.8629761 -0.0149717 0.8589876 0.0229431 0.5112628
81.565860 11.4878054 -1.4425834 33.8161049 -0.0142204 0.8590329 0.0225848 0.5112243
81.669620 11.5749397 -1.4392955 33.7691650 -0.0139077 0.8591006 0.0225290 0.5111214
81.773370 11.6633167 -1.4360039 33.7217407 -0.0134787 0.8592741 0.0226528 0.5108358
81.876950 11.7513657 -1.4326351 33.6742554 -0.0138449 0.8593626 0.0233842 0.5106441
82.084440 11.9288254 -1.4254916 33.5773468 -0.0151444 0.8592716 0.0228496 0.5107845
82.291790 12.1079369 -1.4186504 33.4821777 -0.0189677 0.8596325 0.0190126 0.5102065
82.499340 12.2878761 -1.4112130 33.3861427 -0.0203771 0.8598074 0.0180554 0.5098921
82.706910 12.4672928 -1.4056716 33.2889900 -0.0169799 0.8596677 0.0200997 0.5101756
82.810450 12.5582123 -1.4020088 33.2388878 -0.0158266 0.8594195 0.0212170 0.5105854
83.018010 12.7418613 -1.3962183 33.1407013 -0.0166574 0.8594622 0.0226582 0.5104252
83.121720 12.8315105 -1.3926696 33.0918999 -0.0164664 0.8594146 0.0230713 0.5104929
83.329210 13.0113058 -1.3852119 32.9951515 -0.0152363 0.8594799 0.0223480 0.5104535
83.536780 13.1928196 -1.3785305 32.8963547 -0.0123100 0.8590918 0.0226899 0.5111701
83.640430 13.2823057 -1.3754382 32.8482819 -0.0113360 0.8587705 0.0225448 0.5117385
83.847930 13.4649696 -1.3680220 32.7526093 -0.0175337 0.8582911 0.0248751 0.5122599
83.951670 13.5552711 -1.3622588 32.7050858 -0.0187661 0.8578460 0.0229441 0.5130513
84.159190 13.7348480 -1.3554664 32.6102676 -0.0174876 0.8566569 0.0210504 0.5151602
84.366570 13.9154043 -1.3491246 32.5161781 -0.0170386 0.8559775 0.0190931 0.5163794
84.574140 14.0953455 -1.3430417 32.4237404 -0.0188460 0.8556964 0.0204687 0.5167295
84.677950 14.1842356 -1.3396592 32.3776665 -0.0185419 0.8556286 0.0205705 0.5168490
84.885450 14.3625660 -1.3340284 32.2857018 -0.0183738 0.8563412 0.0189828 0.5157342
85.093050 14.5401497 -1.3281171 32.1918526 -0.0156214 0.8572875 0.0189616 0.5142515
85.300390 14.7167625 -1.3217713 32.0975494 -0.0152528 0.8586596 0.0206880 0.5119014
85.507850 14.8898315 -1.3153588 32.0049362 -0.0160245 0.8604942 0.0219862 0.5087333
85.715200 15.0620432 -1.3086463 31.9104042 -0.0134490 0.8620341 0.0212219 0.5062273
85.922700 15.2306166 -1.3041834 31.8153858 -0.0132965 0.8635669 0.0205335 0.5036406
86.130110 15.3986912 -1.2984266 31.7200394 -0.0158229 0.8649926 0.0207233 0.5011067
86.337580 15.5627823 -1.2935534 31.6260071 -0.0177435 0.8663670 0.0207785 0.4986598
86.545010 15.7221241 -1.2878060 31.5341511 -0.0191968 0.8673761 0.0216355 0.4968118
86.752310 15.8768377 -1.2826439 31.4450283 -0.0208226 0.8684236 0.0204156 0.4949647
86.959810 16.0263634 -1.2768551 31.3590069 -0.0232122 0.8689486 0.0183813 0.4940158
87.167190 16.1714191 -1.2715774 31.2739410 -0.0246129 0.8684363 0.0176879 0.4948735
87.374560 16.3108749 -1.2668951 31.1943054 -0.0254462 0.8663430 0.0165386 0.4985266
87.478210 16.3792858 -1.2645776 31.1559582 -0.0257290 0.8643522 0.0164535 0.5019587
87.685550 16.5143700 -1.2596462 31.0838699 -0.0264183 0.8583393 0.0157275 0.5121606
87.789170 16.5817547 -1.2572742 31.0500488 -0.0261090 0.8544154 0.0152895 0.5187088
87.996680 16.7164326 -1.2527895 30.9844875 -0.0277844 0.8450019 0.0124826 0.5338951
88.204050 16.8513908 -1.2480104 30.9266796 -0.0276646 0.8351834 0.0085887 0.5492080
88.515060 17.0577621 -1.2417223 30.8495312 -0.0295488 0.8181934 0.0067067 0.5741441
88.618820 17.1280689 -1.2395241 30.8265457 -0.0304123 0.8123077 0.0069757 0.5823938
88.826180 17.2690392 -1.2348435 30.7850838 -0.0346396 0.7999469 0.0078895 0.5990182
88.929940 17.3397102 -1.2319591 30.7678375 -0.0375392 0.7937686 0.0068230 0.6070219
89.137430 17.4817677 -1.2257195 30.7358036 -0.0406667 0.7812451 0.0038093 0.6228868
89.344810 17.6254864 -1.2187871 30.7103634 -0.0415011 0.7678364 0.0030247 0.6392931
89.552220 17.7702274 -1.2130510 30.6897621 -0.0380058 0.7518120 0.0023653 0.6582770
89.655800 17.8446007 -1.2100432 30.6814060 -0.0353043 0.7428813 0.0017922 0.6684892
89.863200 17.9930115 -1.2052486 30.6726398 -0.0334550 0.7240193 0.0023115 0.6889641
90.070690 18.1419220 -1.2006245 30.6741829 -0.0345719 0.7041959 0.0019311 0.7091610
90.278050 18.2923107 -1.1946474 30.6846600 -0.0384735 0.6826651 0.0002443 0.7297178
90.485550 18.4440022 -1.1885005 30.7028694 -0.0420161 0.6603525 -0.0036020 0.7497708
90.693070 18.5953865 -1.1811643 30.7308044 -0.0430539 0.6384292 -0.0079277 0.7684346
91.004300 18.8243942 -1.1721271 30.7902107 -0.0455426 0.6049174 -0.0110103 0.7949085
91.211680 18.9764519 -1.1647236 30.8406715 -0.0478894 0.5818275 -0.0099100 0.8118406
91.522930 19.1997185 -1.1540216 30.9331284 -0.0464670 0.5470014 -0.0123884 0.8357493
91.730300 19.3497009 -1.1438925 31.0080929 -0.0507054 0.5252876 -0.0114473 0.8493356
91.937810 19.4971981 -1.1341374 31.0900440 -0.0533495 0.5041230 -0.0092384 0.8619330
92.145310 19.6425705 -1.1233368 31.1790390 -0.0546398 0.4839696 -0.0098689 0.8733215
92.352950 19.7843933 -1.1103971 31.2744560 -0.0565596 0.4668120 -0.0131034 0.8824488
92.560560 19.9245911 -1.0988164 31.3765831 -0.0585553 0.4527571 -0.0157185 0.8895702
92.768320 20.0635128 -1.0863657 31.4831886 -0.0596083 0.4410116 -0.0170086 0.8953582
92.872100 20.1328583 -1.0798814 31.5383301 -0.0589094 0.4355219 -0.0171433 0.8980849
93.079680 20.2701378 -1.0674002 31.6518745 -0.0562050 0.4253924 -0.0179470 0.9030837
93.183560 20.3388882 -1.0609808 31.7096748 -0.0561446 0.4216847 -0.0181389 0.9048209
93.391320 20.4737740 -1.0492063 31.8255501 -0.0575343 0.4170144 -0.0182026 0.9068944
93.598950 20.6076508 -1.0370445 31.9420586 -0.0590825 0.4138732 -0.0177057 0.9082426
93.910430 20.8082924 -1.0177488 32.1172791 -0.0586939 0.4099238 -0.0185889 0.9100395
94.118060 20.9406834 -1.0056703 32.2335510 -0.0560858 0.4082458 -0.0179644 0.9109704
94.325690 21.0724583 -0.9926496 32.3487244 -0.0555248 0.4082094 -0.0167822 0.9110436
94.533310 21.1996231 -0.9819002 32.4628983 -0.0579292 0.4114926 -0.0174498 0.9094028
94.844930 21.3883648 -0.9643800 32.6221886 -0.0590120 0.4202688 -0.0190931 0.9052774
95.156550 21.5744247 -0.9492347 32.7728653 -0.0553572 0.4354742 -0.0211328 0.8982490
95.468320 21.7547798 -0.9382269 32.9079323 -0.0509304 0.4543269 -0.0194097 0.8891662
95.884060 21.9871597 -0.9284348 33.0609741 -0.0339011 0.4819089 -0.0182258 0.8753756
96.196060 22.1541805 -0.9261141 33.1594467 -0.0238996 0.5076014 -0.0264830 0.8608533
96.508310 22.3215714 -0.9281998 33.2400589 -0.0273060 0.5424929 -0.0264063 0.8392011
96.820810 22.4895363 -0.9308183 33.2986603 -0.0194359 0.5881048 -0.0223547 0.8082420
97.029060 22.6033115 -0.9339184 33.3257942 -0.0096987 0.6205524 -0.0251935 0.7837001
97.237310 22.7202911 -0.9384702 33.3445244 -0.0053573 0.6529021 -0.0256648 0.7569884
97.445440 22.8381157 -0.9440202 33.3522530 -0.0083150 0.6837385 -0.0220490 0.7293465
97.653560 22.9558678 -0.9481251 33.3501778 -0.0063795 0.7151641 -0.0179946 0.6986958
97.861590 23.0727196 -0.9525388 33.3381500 -0.0038555 0.7446744 -0.0183006 0.6671658
98.069330 23.1880760 -0.9577184 33.3160172 0.0036629 0.7697915 -0.0166140 0.6380686
98.276830 23.3036861 -0.9628832 33.2872124 0.0056504 0.7892953 -0.0156433 0.6137885
98.484190 23.4179707 -0.9686618 33.2535896 0.0059411 0.8036735 -0.0131330 0.5948959
98.691560 23.5315857 -0.9739690 33.2147293 0.0081376 0.8144218 -0.0113359 0.5801056
98.899080 23.6435032 -0.9789391 33.1700325 0.0096357 0.8245174 -0.0093568 0.5656771
99.106560 23.7569866 -0.9842966 33.1221771 0.0113391 0.8353485 -0.0079850 0.5495458
99.314190 23.8682690 -0.9893888 33.0690956 0.0101116 0.8486080 -0.0086641 0.5288545
99.522160 23.9766273 -0.9946336 33.0096550 0.0129379 0.8634150 -0.0101901 0.5042254
99.730070 24.0795631 -0.9993963 32.9418335 0.0130738 0.8804516 -0.0101458 0.4738472
99.938070 24.1757278 -1.0052905 32.8661537 0.0156518 0.8986103 -0.0051484 0.4384382
100.146100 24.2669945 -1.0099525 32.7830315 0.0182169 0.9162589 -0.0046408 0.4001452
100.354100 24.3479576 -1.0153311 32.6937981 0.0205422 0.9322949 -0.0029254 0.3611034
100.562100 24.4212208 -1.0198293 32.5983047 0.0231752 0.9466498 0.0004947 0.3214294
100.770000 24.4869404 -1.0221567 32.4979744 0.0258653 0.9585085 0.0017119 0.2838829
100.977600 24.5422211 -1.0254211 32.3964195 0.0296670 0.9674525 0.0003410 0.2513075
101.184900 24.5930920 -1.0285745 32.2911530 0.0328999 0.9744062 -0.0001464 0.2223736
101.392300 24.6376896 -1.0314839 32.1819038 0.0342796 0.9803298 0.0018574 0.1943577
101.599800 24.6757660 -1.0329016 32.0691528 0.0367357 0.9853998 0.0042078 0.1661928
101.807200 24.7086201 -1.0355564 31.9544163 0.0385345 0.9899949 0.0061139 0.1356017
102.014700 24.7332916 -1.0373659 31.8376560 0.0406833 0.9938569 0.0035571 0.1028625
102.222200 24.7497501 -1.0378624 31.7175980 0.0432839 0.9966120 0.0063409 0.0696473
102.429800 24.7596588 -1.0391496 31.5963955 0.0431706 0.9983659 0.0111405 0.0357453
102.637400 24.7605820 -1.0389074 31.4739532 0.0434126 0.9990042 0.0101086 0.0019123
102.845000 24.7529182 -1.0379134 31.3477726 0.0447377 0.9984738 0.0099464 -0.0308160
103.052400 24.7366104 -1.0356735 31.2192116 0.0471600 0.9970399 0.0093760 -0.0599959
103.259900 24.7144623 -1.0340048 31.0883675 0.0486458 0.9951469 0.0089735 -0.0850633
103.571100 24.6704788 -1.0316082 30.8868542 0.0476509 0.9924701 0.0065610 -0.1126477
103.778400 24.6355324 -1.0299120 30.7494888 0.0460687 0.9907775 0.0071751 -0.1272248
103.985900 24.5968018 -1.0279621 30.6094322 0.0456768 0.9892051 0.0087558 -0.1389612
104.193200 24.5541649 -1.0255532 30.4667931 0.0479053 0.9881964 0.0095116 -0.1451979
104.504300 24.4878731 -1.0220110 30.2474136 0.0486016 0.9876474 0.0052388 -0.1488724
104.815400 24.4170799 -1.0186877 30.0187016 0.0509051 0.9871716 0.0091297 -0.1510548
105.126600 24.3439827 -1.0139601 29.7864189 0.0511648 0.9867895 0.0079043 -0.1535128
105.437900 24.2672272 -1.0094515 29.5444679 0.0512402 0.9864064 0.0074976 -0.1559510
105.749200 24.1877670 -1.0059061 29.2965813 0.0521244 0.9859102 0.0077585 -0.1587573
106.060500 24.1049271 -1.0013816 29.0439854 0.0518401 0.9855213 0.0087417 -0.1611957
106.371700 24.0188293 -0.9968516 28.7884274 0.0505800 0.9851804 0.0091247 -0.1636395
106.683000 23.9316292 -0.9932858 28.5336723 0.0523419 0.9848224 0.0107217 -0.1651369
107.098100 23.8183479 -0.9858204 28.1914978 0.0475352 0.9858805 0.0087216 -0.1603247
107.409200 23.7369900 -0.9838737 27.9338074 0.0434923 0.9872414 0.0042224 -0.1531172
107.720700 23.6615925 -0.9846222 27.6720428 0.0359768 0.9889736 0.0031247 -0.1436216
108.031600 23.5906982 -0.9848884 27.4103775 0.0350833 0.9912092 0.0075028 -0.1273465
108.238900 23.5501099 -0.9840373 27.2366867 0.0365468 0.9929923 0.0068754 -0.1121757
108.550200 23.5017891 -0.9851702 26.9758205 0.0339076 0.9952761 0.0018546 -0.0909521
108.757800 23.4745331 -0.9869819 26.8010406 0.0349226 0.9963754 0.0033234 -0.0774942
108.965300 23.4509048 -0.9885006 26.6252842 0.0354554 0.9973610 0.0035061 -0.0632581
109.276700 23.4278660 -0.9896260 26.3614407 0.0295981 0.9985877 0.0061370 -0.0436922
109.380500 23.4224377 -0.9903408 26.2736282 0.0294080 0.9988424 0.0064418 -0.0375184
109.588000 23.4141598 -0.9922042 26.0982456 0.0283323 0.9992779 0.0061026 -0.0245713
109.691700 23.4112186 -0.9916672 26.0097179 0.0279627 0.9994262 0.0062419 -0.0180676
109.795400 23.4094543 -0.9925365 25.9220467 0.0281935 0.9995077 0.0073426 -0.0116471
109.900300 23.4092293 -0.9929032 25.8341904 0.0271378 0.9995792 0.0088465 -0.0051661
110.106700 23.4123650 -0.9934567 25.6580467 0.0284406 0.9995311 0.0088984 0.0070340
110.210600 23.4146404 -0.9944541 25.5698452 0.0290114 0.9994623 0.0077242 0.0131834
110.418100 23.4244690 -0.9954541 25.3962688 0.0296605 0.9992363 0.0053731 0.0248649
110.625600 23.4369774 -0.9979310 25.2218742 0.0284034 0.9989342 0.0050550 0.0360288
110.833200 23.4523354 -1.0005833 25.0478420 0.0275318 0.9985602 0.0026202 0.0459638
111.041100 23.4710674 -1.0033262 24.8725586 0.0267479 0.9980973 0.0015037 0.0555349
111.248500 23.4929810 -1.0066724 24.6978703 0.0263697 0.9975742 0.0030170 0.0643529
111.560000 23.5337219 -1.0121785 24.4408607 0.0246774 0.9967462 0.0036432 0.0766464
111.767500 23.5646439 -1.0151906 24.2700520 0.0225876 0.9962080 0.0042274 0.0839138
111.974900 23.5961761 -1.0172964 24.0996170 0.0215886 0.9955989 0.0052601 0.0910440
112.182300 23.6297836 -1.0192189 23.9316292 0.0207185 0.9949359 0.0063583 0.0981475
112.493600 23.6854858 -1.0233240 23.6859016 0.0201461 0.9939192 0.0020650 0.1082336
112.701100 23.7227726 -1.0269200 23.5282478 0.0205781 0.9931196 -0.0003140 0.1152818
113.012500 23.7829571 -1.0348227 23.3027344 0.0218523 0.9917290 -0.0060583 0.1263302
113.220000 23.8209572 -1.0426096 23.1631565 0.0216037 0.9907531 -0.0163656 0.1329423
113.531400 23.8784294 -1.0559332 22.9683743 0.0202119 0.9896167 -0.0274630 0.1396284
113.843000 23.9316597 -1.0736413 22.7894802 0.0217148 0.9890055 -0.0364868 0.1416518
114.154700 23.9819946 -1.0905834 22.6128006 0.0273073 0.9898481 -0.0314960 0.1358790
114.467000 24.0247383 -1.1046972 22.4396629 0.0299567 0.9926659 -0.0313941 0.1128337
114.779700 24.0509377 -1.1179858 22.2665939 0.0353285 0.9968691 -0.0182504 0.0683439
114.988100 24.0574741 -1.1226174 22.1510658 0.0373368 0.9987797 -0.0133009 0.0294666
115.300700 24.0478477 -1.1280597 21.9827538 0.0412669 0.9985325 -0.0062118 -0.0345159
115.509500 24.0297947 -1.1302601 21.8713589 0.0387455 0.9960443 -0.0026096 -0.0799230
115.717200 24.0010662 -1.1309901 21.7595024 0.0408247 0.9912916 0.0037767 -0.1251404
115.925200 23.9617195 -1.1302702 21.6485291 0.0392009 0.9844909 0.0085084 -0.1707880
116.133100 23.9121552 -1.1282880 21.5405483 0.0381032 0.9756851 0.0100721 -0.2156047
116.341000 23.8508263 -1.1247668 21.4361095 0.0418594 0.9651631 0.0112813 -0.2580326
116.548600 23.7804585 -1.1208644 21.3343143 0.0453693 0.9540570 0.0125235 -0.2959054
116.756100 23.7012997 -1.1160951 21.2357616 0.0480558 0.9434572 0.0112754 -0.3277986
116.963400 23.6138420 -1.1102508 21.1386452 0.0518938 0.9341998 0.0083014 -0.3528581
117.170600 23.5191269 -1.1043732 21.0405102 0.0545804 0.9270527 0.0068169 -0.3708743
117.377900 23.4173470 -1.0980442 20.9403172 0.0553387 0.9210652 0.0061425 -0.3854075
117.689000 23.2525158 -1.0874348 20.7859173 0.0565721 0.9137462 0.0051016 -0.4022952
117.999600 23.0737324 -1.0761560 20.6231194 0.0600572 0.9133817 0.0047287 -0.4026222
118.207000 22.9520283 -1.0688210 20.5069427 0.0574773 0.9151379 0.0062468 -0.3989736
118.414300 22.8270283 -1.0605507 20.3869781 0.0552490 0.9158713 0.0064165 -0.3976004
118.725500 22.6330757 -1.0494452 20.2022667 0.0546482 0.9168143 0.0060449 -0.3955105
119.036700 22.4326878 -1.0385875 20.0085602 0.0534472 0.9179149 0.0055712 -0.3931216
119.347800 22.2246494 -1.0298799 19.8072052 0.0510055 0.9193270 0.0020547 -0.3901693
119.659100 22.0133762 -1.0216154 19.5986843 0.0498967 0.9207799 0.0010601 -0.3868768
119.970100 21.8037720 -1.0135840 19.3855915 0.0508955 0.9228184 0.0032894 -0.3818444
120.281100 21.5944862 -1.0045452 19.1678886 0.0502950 0.9263330 0.0061430 -0.3732825
120.695800 21.3238754 -0.9951524 18.8719063 0.0533204 0.9336480 0.0022274 -0.3541940
121.006700 21.1281471 -0.9887261 18.6375427 0.0546494 0.9417474 -0.0005625 -0.3318506
121.317800 20.9468994 -0.9833694 18.3922119 0.0508094 0.9492762 -0.0013767 -0.3103082
121.525300 20.8299294 -0.9809761 18.2223244 0.0502713 0.9532331 0.0023999 -0.2980164
121.732800 20.7154560 -0.9772577 18.0495529 0.0504756 0.9571338 0.0006023 -0.2852134
122.044100 20.5546875 -0.9751891 17.7845383 0.0490625 0.9624186 -0.0016976 -0.2670961
122.251600 20.4510574 -0.9742613 17.6034451 0.0498634 0.9654732 -0.0035646 -0.2556608
122.459200 20.3499088 -0.9740080 17.4186935 0.0525864 0.9676630 -0.0022912 -0.2466936
122.666800 20.2508392 -0.9725343 17.2309723 0.0529744 0.9690430 -0.0028569 -0.2411248
122.874600 20.1549511 -0.9719202 17.0411568 0.0514792 0.9695578 -0.0014997 -0.2393852
123.082400 20.0553513 -0.9715222 16.8493061 0.0504120 0.9699632 -0.0026275 -0.2379561
123.290000 19.9546947 -0.9710608 16.6547127 0.0514064 0.9706111 -0.0032852 -0.2350758
123.497600 19.8547478 -0.9703956 16.4578991 0.0550101 0.9712530 -0.0016493 -0.2316003
123.705300 19.7552338 -0.9697855 16.2601547 0.0565301 0.9717758 -0.0055832 -0.2289650
123.913000 19.6559410 -0.9684800 16.0587444 0.0571867 0.9719576 -0.0053204 -0.2280348
124.120500 19.5534782 -0.9673535 15.8530083 0.0602559 0.9719626 -0.0011592 -0.2272807
124.328100 19.4518089 -0.9649591 15.6477404 0.0648031 0.9715866 -0.0028006 -0.2276227
124.535600 19.3476868 -0.9620440 15.4386768 0.0665811 0.9712943 -0.0048616 -0.2283214
124.743100 19.2433510 -0.9609491 15.2259560 0.0635880 0.9709917 -0.0027855 -0.2304861
124.950600 19.1378403 -0.9578156 15.0119667 0.0576099 0.9702531 -0.0002922 -0.2351384
125.158200 19.0287170 -0.9556196 14.7983885 0.0521119 0.9690172 0.0010149 -0.2414311
125.365700 18.9139023 -0.9514664 14.5861950 0.0492487 0.9673247 -0.0003364 -0.2487112
125.573100 18.7956829 -0.9493888 14.3742228 0.0528063 0.9650040 0.0023067 -0.2568532
125.884200 18.6071301 -0.9422864 14.0602894 0.0598842 0.9613150 -0.0026508 -0.2688499
126.091700 18.4764519 -0.9392868 13.8495750 0.0605928 0.9592709 -0.0012353 -0.2759100
126.403000 18.2725792 -0.9298714 13.5352631 0.0669058 0.9563818 0.0023372 -0.2843448
126.506600 18.2029419 -0.9272037 13.4302578 0.0675790 0.9560030 0.0002093 -0.2854668
126.714100 18.0681915 -0.9228794 13.2208729 0.0653448 0.9553205 -0.0006077 -0.2882574
126.921600 17.9299374 -0.9177293 13.0109825 0.0615905 0.9551405 0.0010746 -0.2896759
127.129000 17.7879028 -0.9107652 12.7996025 0.0616810 0.9549848 0.0025832 -0.2901601
127.440100 17.5733280 -0.9014468 12.4804382 0.0615782 0.9551015 0.0026571 -0.2897966
127.647600 17.4271965 -0.8961169 12.2628622 0.0587441 0.9553494 0.0041301 -0.2895507
127.958600 17.2150726 -0.8865209 11.9412346 0.0607954 0.9543883 0.0054912 -0.2922613
128.166000 17.0693359 -0.8793497 11.7251434 0.0597436 0.9540608 0.0047706 -0.2935573
128.269700 16.9951096 -0.8757903 11.6153803 0.0591770 0.9540147 0.0052193 -0.2938142
128.477100 16.8474216 -0.8680074 11.3964472 0.0595528 0.9540520 0.0059961 -0.2936024
128.684500 16.7004299 -0.8606744 11.1761818 0.0605952 0.9540617 0.0046980 -0.2933809
128.891800 16.5512276 -0.8539728 10.9538784 0.0592434 0.9542918 0.0052238 -0.2928995
128.995500 16.4770584 -0.8499506 10.8421125 0.0586739 0.9543571 0.0057459 -0.2927916
129.202800 16.3244610 -0.8417123 10.6177254 0.0582237 0.9546938 0.0056638 -0.2917837
129.306600 16.2490654 -0.8379637 10.5041618 0.0582986 0.9546239 0.0049006 -0.2920111
129.514100 16.1007042 -0.8324339 10.2787933 0.0586580 0.9544863 0.0048048 -0.2923903
129.617800 16.0243492 -0.8288848 10.1645193 0.0593355 0.9544794 0.0050160 -0.2922724
129.825300 15.8715744 -0.8219451 9.9353371 0.0614144 0.9542235 0.0054340 -0.2926711
129.929100 15.7946424 -0.8183702 9.8204184 0.0619177 0.9540814 0.0053526 -0.2930294
130.136500 15.6391048 -0.8098868 9.5898190 0.0631549 0.9538318 0.0020554 -0.2936191
130.240200 15.5620899 -0.8061447 9.4738102 0.0636949 0.9535348 0.0021854 -0.2944647
130.343800 15.4867468 -0.8036034 9.3593578 0.0625908 0.9532375 0.0030796 -0.2956538
130.447600 15.4084606 -0.8005181 9.2428951 0.0612162 0.9528490 0.0040783 -0.2971780
130.551300 15.3289299 -0.7964161 9.1278677 0.0602511 0.9525825 0.0051983 -0.2982104
130.655000 15.2504311 -0.7928873 9.0118256 0.0607257 0.9520098 0.0065766 -0.2999108
130.758700 15.1684589 -0.7884583 8.8942814 0.0604602 0.9517480 0.0062702 -0.3008005
130.862500 15.0867691 -0.7843418 8.7790613 0.0604090 0.9514432 0.0051523 -0.3017947
131.070000 14.9233894 -0.7757787 8.5443354 0.0594006 0.9510044 0.0045199 -0.3033838
131.277500 14.7595997 -0.7662622 8.3120785 0.0613734 0.9505423 0.0059532 -0.3044130
131.381100 14.6773987 -0.7609696 8.1964130 0.0625238 0.9503886 0.0061192 -0.3046552
131.588500 14.5137701 -0.7523794 7.9677687 0.0648996 0.9500782 0.0054464 -0.3051388
131.796000 14.3515606 -0.7428880 7.7387395 0.0669319 0.9498250 0.0062703 -0.3054721
132.003300 14.1883020 -0.7321520 7.5093961 0.0671175 0.9498914 0.0049345 -0.3052494
132.210600 14.0269413 -0.7236968 7.2799211 0.0655659 0.9502345 0.0055282 -0.3045078
132.418000 13.8644419 -0.7147075 7.0509338 0.0651244 0.9507993 0.0063466 -0.3028189
132.625500 13.7029753 -0.7046927 6.8206668 0.0642518 0.9515113 0.0065101 -0.3007583
132.832800 13.5458775 -0.6966054 6.5908780 0.0601233 0.9523211 0.0036731 -0.2990923
132.936500 13.4675226 -0.6932693 6.4762683 0.0583827 0.9527947 0.0043522 -0.2979173
133.040100 13.3891277 -0.6895437 6.3610787 0.0574046 0.9532429 0.0058730 -0.2966449
133.143700 13.3112316 -0.6856833 6.2457094 0.0570882 0.9536456 0.0068333 -0.2953883
133.351100 13.1563988 -0.6780270 6.0154057 0.0584565 0.9543803 0.0071203 -0.2927290
133.558600 13.0011339 -0.6693227 5.7826586 0.0607890 0.9552661 0.0070692 -0.2893467
133.869700 12.7735338 -0.6587186 5.4307599 0.0629636 0.9574206 0.0062002 -0.2816786
134.077100 12.6240959 -0.6507331 5.1928554 0.0597289 0.9596037 0.0037784 -0.2749161
134.284500 12.4792852 -0.6443852 4.9535780 0.0577046 0.9616627 0.0048528 -0.2680513
134.491900 12.3372555 -0.6393968 4.7125502 0.0580629 0.9635193 0.0069020 -0.2611736
134.595600 12.2690220 -0.6348635 4.5915384 0.0564355 0.9644377 0.0051243 -0.2581643
134.803100 12.1320620 -0.6300224 4.3493652 0.0567647 0.9658934 0.0033898 -0.2526188
134.906900 12.0658512 -0.6271796 4.2277555 0.0568744 0.9664150 0.0042551 -0.2505777
135.114300 11.9325485 -0.6220725 3.9844937 0.0596614 0.9670634 0.0049052 -0.2473963
135.322000 11.8002195 -0.6170532 3.7380347 0.0595629 0.9676164 0.0021801 -0.2452875
135.529500 11.6696634 -0.6133274 3.4914756 0.0582718 0.9683432 0.0027613 -0.2427103
135.633100 11.6045408 -0.6110218 3.3679309 0.0579587 0.9686903 0.0033732 -0.2413888
135.840600 11.4758673 -0.6066512 3.1192451 0.0579982 0.9693277 0.0038687 -0.2387993
136.151600 11.2826061 -0.6003078 2.7446284 0.0609277 0.9701564 0.0027468 -0.2346845
136.462700 11.0940189 -0.5970324 2.3667068 0.0585118 0.9709633 0.0022982 -0.2319513
136.774000 10.9080286 -0.5899328 1.9891462 0.0546007 0.9715283 0.0059895 -0.2304684
136.877700 10.8459368 -0.5869243 1.8628662 0.0550181 0.9715641 0.0056459 -0.2302269
137.188700 10.6603413 -0.5802821 1.4880443 0.0562191 0.9718212 0.0037557 -0.2288862
137.500000 10.4764948 -0.5732852 1.1119299 0.0545975 0.9722459 0.0029793 -0.2274821
137.603600 10.4151831 -0.5716583 0.9862933 0.0537808 0.9724649 0.0031478 -0.2267370
137.914700 10.2337532 -0.5666786 0.6090252 0.0550837 0.9729066 0.0027278 -0.2245240
138.122100 10.1095285 -0.5631815 0.3554358 0.0556808 0.9732872 0.0006880 -0.2227359
138.329600 9.9874163 -0.5619179 0.1025031 0.0566344 0.9731991 0.0005018 -0.2228809
138.537100 9.8634567 -0.5598952 -0.1521292 0.0554673 0.9726101 0.0008263 -0.2257261
138.744700 9.7375898 -0.5584147 -0.4034781 0.0532815 0.9716907 0.0042259 -0.2301314
139.056000 9.5441790 -0.5508152 -0.7766116 0.0519699 0.9692482 0.0075059 -0.2404176
139.263600 9.4068012 -0.5488272 -1.0207269 0.0500455 0.9674054 0.0072994 -0.2481311
139.471100 9.2719955 -0.5433879 -1.2647674 0.0476107 0.9647716 0.0083267 -0.2586109
139.574900 9.2027454 -0.5410450 -1.3847904 0.0482361 0.9632683 0.0084870 -0.2640368
139.782200 9.0585241 -0.5332645 -1.6231306 0.0492438 0.9604396 0.0085432 -0.2739670
139.989700 8.9091969 -0.5253819 -1.8555286 0.0517470 0.9572860 0.0076013 -0.2843730
140.093500 8.8334475 -0.5220554 -1.9714451 0.0523251 0.9554589 0.0075664 -0.2903501
140.197100 8.7552719 -0.5191652 -2.0856712 0.0546523 0.9535575 0.0073206 -0.2961211
140.404600 8.5960398 -0.5103700 -2.3121059 0.0579348 0.9497414 0.0086658 -0.3075057
140.508200 8.5137062 -0.5060260 -2.4248478 0.0592227 0.9477875 0.0086918 -0.3132348
140.612000 8.4296112 -0.5013077 -2.5358431 0.0597372 0.9461579 0.0072795 -0.3180625
140.715600 8.3449192 -0.4966821 -2.6454890 0.0603641 0.9446604 0.0060500 -0.3223917
140.819400 8.2602892 -0.4922288 -2.7546206 0.0605100 0.9434350 0.0055429 -0.3259420
140.923100 8.1736689 -0.4875918 -2.8635228 0.0623686 0.9421534 0.0039961 -0.3293042
141.026700 8.0883942 -0.4837992 -2.9722643 0.0653294 0.9407195 0.0036588 -0.3328145
141.130500 8.0009518 -0.4782567 -3.0812643 0.0652674 0.9396333 0.0038379 -0.3358791
141.338000 7.8231506 -0.4689283 -3.2955031 0.0659219 0.9374821 0.0028093 -0.3417218
141.441700 7.7345209 -0.4650794 -3.4034381 0.0633015 0.9366375 0.0037961 -0.3445122
141.545500 7.6441016 -0.4603952 -3.5108390 0.0647947 0.9355079 0.0034870 -0.3472959
141.649100 7.5521679 -0.4560042 -3.6174214 0.0651418 0.9346660 0.0053285 -0.3494675
141.752900 7.4621792 -0.4505653 -3.7240000 0.0652490 0.9337214 0.0064483 -0.3519450
141.960200 7.2752872 -0.4373654 -3.9364450 0.0622438 0.9326510 0.0054557 -0.3553282
142.167700 7.0855117 -0.4246556 -4.1483555 0.0613261 0.9309654 0.0082762 -0.3598250
142.271500 6.9899044 -0.4195239 -4.2540355 0.0625270 0.9295369 0.0079116 -0.3633029
142.479100 6.7967629 -0.4079909 -4.4632397 0.0610464 0.9263325 0.0069220 -0.3716632
142.582700 6.6969137 -0.4029526 -4.5678906 0.0619179 0.9248094 0.0063225 -0.3753049
142.790100 6.4962454 -0.3918185 -4.7716465 0.0624785 0.9232879 0.0068972 -0.3789304
142.997500 6.2947893 -0.3781856 -4.9787202 0.0624000 0.9223529 0.0085620 -0.3811798
143.204700 6.0931025 -0.3645049 -5.1822333 0.0622856 0.9227281 0.0094109 -0.3802693
143.412100 5.8940482 -0.3524463 -5.3865762 0.0615539 0.9235219 0.0100072 -0.3784419
143.723300 5.6014390 -0.3349780 -5.6894674 0.0584452 0.9243261 0.0047053 -0.3770720
143.930600 5.4050837 -0.3257609 -5.8919663 0.0624873 0.9244059 0.0056149 -0.3762148
144.241700 5.1109242 -0.3092645 -6.1974216 0.0622817 0.9242909 0.0055686 -0.3765320
144.449100 4.9114275 -0.2970366 -6.4038491 0.0602524 0.9240032 0.0055654 -0.3775668
144.656500 4.7107782 -0.2860943 -6.6081710 0.0604783 0.9236153 0.0072034 -0.3784511
144.864000 4.5129814 -0.2740457 -6.8099937 0.0597732 0.9229767 0.0078692 -0.3801041
145.071600 4.3110342 -0.2620133 -7.0137782 0.0591531 0.9219113 0.0072076 -0.3827905
145.279100 4.1098137 -0.2504658 -7.2151918 0.0596878 0.9208622 0.0087162 -0.3851937
145.486600 3.9062877 -0.2374770 -7.4180098 0.0586256 0.9199477 0.0102039 -0.3874985
145.590400 3.8030860 -0.2315867 -7.5188437 0.0590637 0.9196094 0.0112845 -0.3882043
145.901400 3.4951193 -0.2118120 -7.8186436 0.0599214 0.9186897 0.0087017 -0.3903115
146.005100 3.3928902 -0.2058724 -7.9179192 0.0603300 0.9185340 0.0097365 -0.3905904
146.212500 3.1888268 -0.1920039 -8.1175394 0.0582793 0.9184300 0.0113152 -0.3911032
146.316100 3.0865698 -0.1857224 -8.2176743 0.0570848 0.9183196 0.0120804 -0.3915155
146.523500 2.8806920 -0.1720292 -8.4159317 0.0594345 0.9180803 0.0129158 -0.3917006
146.627200 2.7772698 -0.1656394 -8.5146084 0.0598905 0.9182743 0.0098004 -0.3912663
146.834600 2.5700748 -0.1524368 -8.7161417 0.0569071 0.9186692 0.0065582 -0.3908522
146.938400 2.4671686 -0.1468057 -8.8171234 0.0566124 0.9186964 0.0090375 -0.3907816
147.145700 2.2640359 -0.1344432 -9.0161400 0.0582799 0.9187114 0.0089144 -0.3905041
147.353100 2.0574811 -0.1230151 -9.2161751 0.0606933 0.9186124 0.0080731 -0.3903874
147.560600 1.8500471 -0.1114345 -9.4154243 0.0620279 0.9186549 0.0069951 -0.3900985
147.664300 1.7466640 -0.1055931 -9.5156746 0.0619487 0.9188930 0.0067133 -0.3895547
147.768000 1.6419525 -0.0992920 -9.6174927 0.0622406 0.9190818 0.0073865 -0.3890503
147.975500 1.4344497 -0.0873818 -9.8205414 0.0602918 0.9195665 0.0084153 -0.3881902
148.183000 1.2287307 -0.0742635 -10.0247803 0.0586686 0.9199060 0.0103679 -0.3875867
148.390400 1.0247545 -0.0612402 -10.2274342 0.0586029 0.9201537 0.0092504 -0.3870366
148.597900 0.8216615 -0.0490402 -10.4282465 0.0574534 0.9205866 0.0076652 -0.3862131
148.805400 0.6204371 -0.0390845 -10.6295319 0.0567489 0.9208897 0.0084210 -0.3855785
149.012800 0.4205103 -0.0268387 -10.8297062 0.0559374 0.9212103 0.0094570 -0.3849066
149.116400 0.3225570 -0.0193871 -10.9286385 0.0568343 0.9210968 0.0091562 -0.3850542
149.220100 0.2218442 -0.0142620 -11.0299683 0.0546051 0.9213812 0.0099065 -0.3846776
149.323900 0.1175852 -0.0070796 -11.1328936 0.0529881 0.9215004 0.0087657 -0.3846460
149.531200 -0.0846329 0.0041908 -11.3369694 0.0496575 0.9218199 0.0109837 -0.3842676
149.634900 -0.1866922 0.0088859 -11.4374247 0.0506869 0.9218957 0.0122822 -0.3839119
149.842400 -0.3885803 0.0208620 -11.6398859 0.0513858 0.9221388 0.0097241 -0.3833079
149.946100 -0.4894857 0.0255224 -11.7414570 0.0503966 0.9222015 0.0112363 -0.3832471
150.153500 -0.6910233 0.0370723 -11.9446230 0.0492624 0.9223775 0.0110803 -0.3829754
150.257200 -0.7913761 0.0430430 -12.0456486 0.0495622 0.9224780 0.0099618 -0.3827254
150.361000 -0.8930340 0.0483869 -12.1477137 0.0503725 0.9225870 0.0089506 -0.3823817
150.464700 -0.9944963 0.0533456 -12.2499075 0.0512437 0.9225998 0.0092830 -0.3822270
150.568400 -1.0954895 0.0584923 -12.3521786 0.0510465 0.9228579 0.0101107 -0.3816087
150.672100 -1.1961322 0.0644858 -12.4548120 0.0515001 0.9228832 0.0096097 -0.3814998
150.775700 -1.2976675 0.0694370 -12.5573940 0.0498833 0.9232304 0.0100416 -0.3808630
150.879500 -1.3979774 0.0752700 -12.6596699 0.0481717 0.9233537 0.0093288 -0.3808022
150.983100 -1.4956436 0.0802632 -12.7616119 0.0459283 0.9234197 0.0097153 -0.3809098
151.086900 -1.5948319 0.0841081 -12.8637810 0.0455635 0.9234816 0.0093758 -0.3808120
151.294200 -1.7935920 0.0926532 -13.0670033 0.0445238 0.9236668 0.0095947 -0.3804803
151.398000 -1.8931513 0.0981112 -13.1689835 0.0437493 0.9237948 0.0086630 -0.3802817
151.605500 -2.0905137 0.1049776 -13.3714771 0.0434207 0.9239250 0.0065489 -0.3800452
151.709100 -2.1903296 0.1088663 -13.4731331 0.0433535 0.9239697 0.0065268 -0.3799444
151.916600 -2.3861227 0.1153185 -13.6747189 0.0407692 0.9241005 0.0046317 -0.3799404
152.124100 -2.5775867 0.1206070 -13.8719826 0.0349803 0.9241064 0.0037892 -0.3805120
152.331500 -2.7712364 0.1238839 -14.0706682 0.0329072 0.9242052 0.0060793 -0.3804273
152.538900 -2.9624434 0.1276404 -14.2664814 0.0334244 0.9248074 0.0074011 -0.3788920
152.746200 -3.1523948 0.1307484 -14.4616785 0.0338873 0.9256988 0.0007106 -0.3767397
152.953500 -3.3409410 0.1327631 -14.6545181 0.0410590 0.9266106 -0.0007078 -0.3737732
153.160900 -3.5229011 0.1364313 -14.8479147 0.0424902 0.9280559 0.0009525 -0.3700080
153.368200 -3.7003818 0.1390209 -15.0410194 0.0398112 0.9292505 0.0020073 -0.3672936
153.575600 -3.8743024 0.1401944 -15.2263384 0.0410401 0.9304852 -0.0037461 -0.3640039
153.783100 -4.0426598 0.1399383 -15.4109344 0.0403227 0.9314256 -0.0037373 -0.3616719
153.990500 -4.2007947 0.1399557 -15.5910320 0.0322599 0.9322234 -0.0027246 -0.3604322
154.301600 -4.4251990 0.1380801 -15.8492146 0.0235753 0.9331873 0.0041588 -0.3585922
154.509300 -4.5652275 0.1393192 -16.0114212 0.0131621 0.9333693 0.0032416 -0.3586614
154.716900 -4.6968746 0.1380592 -16.1651363 0.0038826 0.9317464 0.0105322 -0.3629361
155.028600 -4.8847055 0.1365746 -16.3692589 -0.0100088 0.9257570 0.0147810 -0.3776974
155.340600 -5.0616112 0.1347119 -16.5439644 -0.0207333 0.9147687 0.0167841 -0.4030963
155.653000 -5.2295656 0.1296715 -16.6870365 -0.0278052 0.8946607 0.0217618 -0.4453487
155.965500 -5.3936305 0.1290067 -16.7947788 -0.0289710 0.8668585 0.0212962 -0.4972559
156.277900 -5.5566611 0.1266919 -16.8675423 0.0224472 -0.8335519 -0.0199985 0.5516225
156.486100 -5.6675048 0.1238185 -16.9022636 0.0158531 -0.8055696 -0.0235359 0.5918211
156.694500 -5.7787647 0.1257982 -16.9236946 0.0100191 -0.7702874 -0.0297054 0.6369259
156.902800 -5.8881788 0.1255872 -16.9299297 0.0025112 -0.7308404 -0.0324803 0.6817704
157.110900 -5.9937086 0.1270727 -16.9224682 0.0008812 -0.6897100 -0.0349866 0.7232394
157.422700 -6.1467886 0.1303821 -16.8904018 0.0014509 -0.6248314 -0.0363612 0.7799112
157.630500 -6.2441149 0.1319952 -16.8546543 0.0037797 -0.5796095 -0.0370446 0.8140431
157.838200 -6.3376899 0.1334406 -16.8075714 0.0077549 -0.5327667 -0.0377448 0.8453844
158.045900 -6.4281583 0.1350509 -16.7485142 0.0074211 -0.4843228 -0.0394895 0.8739662
158.253500 -6.5131869 0.1339046 -16.6785793 0.0044574 -0.4346330 -0.0420518 0.8996143
158.461100 -6.5950532 0.1346435 -16.5971222 0.0044595 -0.3848780 -0.0442559 0.9218950
158.668600 -6.6685958 0.1360327 -16.5042057 0.0071391 -0.3364187 -0.0438499 0.9406639
158.876100 -6.7363496 0.1361759 -16.3986435 0.0080870 -0.2888594 -0.0413516 0.9564439
159.083500 -6.7963338 0.1356218 -16.2832794 0.0082501 -0.2423993 -0.0384225 0.9693803
159.290900 -6.8465838 0.1334511 -16.1594639 0.0077763 -0.1996589 -0.0359898 0.9791734
159.498100 -6.8900356 0.1308578 -16.0281143 0.0094143 -0.1626387 -0.0348266 0.9860259
159.705200 -6.9259911 0.1278425 -15.8899860 0.0121511 -0.1329855 -0.0305025 0.9905740
159.912500 -6.9593849 0.1228123 -15.7442284 0.0149204 -0.1092537 -0.0292735 0.9934707
160.119800 -6.9877067 0.1187567 -15.5934782 0.0151199 -0.0919396 -0.0262618 0.9953034
160.327000 -7.0130424 0.1133180 -15.4346457 0.0133630 -0.0815358 -0.0233791 0.9963065
160.534100 -7.0375667 0.1082124 -15.2713537 0.0102283 -0.0762243 -0.0195222 0.9968471
160.741500 -7.0636110 0.1030941 -15.1041117 0.0087685 -0.0741934 -0.0204505 0.9969956
161.052600 -7.1029072 0.0975483 -14.8445969 0.0083828 -0.0722494 -0.0179293 0.9971902
161.260100 -7.1294861 0.0939094 -14.6648397 0.0072555 -0.0709065 -0.0182795 0.9972891
161.467500 -7.1544867 0.0898908 -14.4810104 0.0063352 -0.0699693 -0.0163681 0.9973947
161.675000 -7.1804647 0.0866964 -14.2929707 0.0036668 -0.0682122 -0.0139592 0.9975664
161.986200 -7.2169886 0.0822037 -14.0107956 0.0020897 -0.0665582 -0.0100313 0.9977300
162.193600 -7.2411079 0.0792450 -13.8259678 -0.0003934 -0.0650121 -0.0074612 0.9978565
162.401000 -7.2644758 0.0759885 -13.6445513 -0.0046165 -0.0644139 -0.0064370 0.9978918
162.608400 -7.2884302 0.0736944 -13.4656992 -0.0047601 -0.0651769 -0.0054799 0.9978473
162.815900 -7.3117428 0.0721540 -13.2936077 -0.0018221 -0.0674420 -0.0061522 0.9977025
163.023300 -7.3375521 0.0707688 -13.1242943 -0.0022691 -0.0699631 -0.0091016 0.9975055
163.334500 -7.3741894 0.0685885 -12.8787947 -0.0083835 -0.0748144 -0.0099361 0.9971128
163.542000 -7.4016366 0.0687190 -12.7214222 -0.0073995 -0.0793315 -0.0133875 0.9967309
163.749500 -7.4281788 0.0690386 -12.5666952 -0.0129083 -0.0851661 -0.0124596 0.9962052
163.956900 -7.4571414 0.0694812 -12.4148188 -0.0114009 -0.0933039 -0.0120260 0.9954997
164.164400 -7.4885130 0.0714328 -12.2640905 -0.0073755 -0.1039538 -0.0099583 0.9945049
164.371900 -7.5261908 0.0731808 -12.1130524 -0.0091040 -0.1152178 -0.0096500 0.9932517
164.579300 -7.5660191 0.0743004 -11.9580898 -0.0114402 -0.1265318 -0.0083453 0.9918615
164.786700 -7.6100798 0.0756602 -11.8047562 -0.0081355 -0.1375784 -0.0092862 0.9904140
164.994400 -7.6568518 0.0763397 -11.6511393 -0.0045624 -0.1478888 -0.0078092 0.9889627
