1305031102.511219 0.0000000 0.0000000 0.0000000 0.0000000 0.0000000 0.0000000 1.0000000
1305031104.675525 0.0082570 -0.0535824 -0.1330322 0.0598540 0.0147840 -0.0095881 0.9980516
1305031104.875350 0.0066237 -0.0353119 -0.1646146 0.1267508 0.0522831 0.0051355 0.9905425
1305031107.975807 0.0298738 -0.0303250 -0.0699195 0.0359070 0.0400842 -0.0221432 0.9983054
1305031108.643303 0.2098939 -0.0173945 -0.0395602 0.0268000 0.0890810 0.0210798 0.9954406
1305031110.843218 -0.2365994 0.0164358 -0.0197964 -0.0558258 -0.0767483 -0.0761186 0.9925720
1305031112.479418 0.2027703 -0.0167648 -0.0276503 0.0324124 0.0998283 0.0113053 0.9944124
1305031112.643246 0.2469917 -0.0114947 -0.0322948 0.0390881 0.0895612 0.0430034 0.9942845
1305031112.811310 0.2390251 -0.0106450 -0.0237727 0.0214680 0.1124731 0.0513407 0.9920953
1305031113.011353 0.2173979 -0.0051252 -0.0241575 0.0106609 0.0868979 0.0500685 0.9949011
1305031113.379312 0.1038218 -0.0091312 -0.0316814 0.0076854 0.0369176 0.0392520 0.9985176
1305031114.711306 -0.2675156 -0.0092730 0.0071255 -0.0008698 -0.0615911 -0.0645247 0.9960132
1305031115.011300 -0.2406062 0.0044516 0.0064828 -0.0038804 -0.0671478 -0.0778226 0.9946958
1305031115.179440 -0.1957465 0.0034034 0.0143105 -0.0151713 -0.0489877 -0.0717067 0.9961065
1305031116.379384 0.2063632 -0.0069195 0.0383039 -0.0524152 0.1320619 0.1149569 0.9831568
1305031116.579313 0.1885405 0.0007521 0.0296738 -0.0423265 0.1384587 0.1198739 0.9821751
1305031116.779298 0.1300876 0.0009744 0.0234659 -0.0431581 0.1059207 0.0638822 0.9913815
1305031121.947288 -0.0411184 -0.1888793 0.0789983 0.0096973 -0.0195684 0.0096940 0.9997145
1305031123.483594 -0.0447609 0.1674056 0.0009082 -0.0685481 -0.0007318 0.0012875 0.9976467
1305031123.711323 -0.0366624 0.1998968 -0.0026879 -0.0899582 0.0083305 0.0128487 0.9958278
1305031123.983415 -0.0389468 0.2057019 -0.0029764 -0.0907489 0.0051608 0.0244614 0.9955600
1305031125.411335 -0.0349546 -0.1308538 0.0832669 0.0104881 -0.0318398 -0.0164218 0.9993030
1305031125.679328 -0.0456604 -0.1474782 0.0793892 0.0141718 -0.0088467 -0.0203807 0.9996527
1305031125.947343 -0.0475184 -0.0996865 0.0600654 0.0136871 -0.0251878 -0.0211662 0.9993649
1305031126.979337 -0.0250347 0.1153636 0.0264404 -0.0614963 -0.0092572 0.0113621 0.9979997
1305031127.279465 -0.0243435 0.1036597 0.0275707 -0.0533241 -0.0215812 0.0113297 0.9982798
1305031127.511356 -0.0277168 0.0903659 0.0349538 -0.0485871 -0.0285886 0.0061951 0.9983905
1305031128.079334 -0.0288741 0.0756037 0.0459119 -0.0525438 -0.0347052 0.0063551 0.9979951
1305031128.311483 -0.0282245 0.0714999 0.0488607 -0.0497288 -0.0360848 0.0097412 0.9980631
1305031128.611395 -0.0311575 0.0664113 0.0476505 -0.0483092 -0.0342626 0.0024177 0.9982417
