1305031102.175304 0.0000000 0.0000000 0.0000000 0.0000000 0.0000000 0.0000000 1.0000000
1305031104.911534 0.0138303 -0.0265636 -0.0657938 0.0908844 0.0292841 0.0079791 0.9953988
1305031105.043373 0.0128087 -0.0166990 -0.0538997 0.0820232 0.0282382 0.0090582 0.9961891
1305031108.143334 0.0644638 -0.0146076 0.0276979 0.0113994 0.0421838 -0.0164023 0.9989102
1305031109.075410 0.1979498 -0.0016145 0.0447591 -0.0083929 0.0700486 0.0391126 0.9967412
1305031109.443302 0.1054401 0.0061292 0.0385058 -0.0319384 0.0128492 0.0317189 0.9989038
1305031110.811386 -0.2041831 0.0256675 0.0499952 -0.0907574 -0.1019057 -0.0718361 0.9880374
1305031111.079283 -0.1815156 0.0307662 0.0527052 -0.0930615 -0.0987720 -0.0698652 0.9882826
1305031112.379360 0.1567077 -0.0025090 0.0617168 -0.0139445 0.0817342 -0.0132588 0.9964684
1305031112.579252 0.1969795 -0.0036644 0.0595485 0.0003071 0.0662699 0.0240500 0.9975118
1305031112.779310 0.2200899 0.0051701 0.0607533 -0.0146736 0.0869417 0.0494888 0.9948752
1305031113.211259 0.1457943 0.0044098 0.0575325 -0.0340893 0.0484332 0.0356261 0.9976086
1305031114.843208 -0.2324511 0.0059455 0.0716528 -0.0347714 -0.0940883 -0.0724679 0.9923139
1305031115.079238 -0.1952141 0.0177114 0.0763467 -0.0456407 -0.0910114 -0.0752648 0.9919522
1305031116.179572 0.1473750 0.0238942 0.1139468 -0.0776145 0.0729567 0.0924242 0.9900056
1305031116.643355 0.1451307 0.0203123 0.1071924 -0.0762532 0.1084895 0.0974177 0.9863697
1305031116.880165 0.0773715 0.0206024 0.1009338 -0.0776855 0.0642366 0.0362912 0.9942442
1305031120.148157 -0.0430769 0.1537897 0.0568277 -0.0972382 -0.0278810 0.0042867 0.9948613
1305031120.347787 -0.0408872 0.1274127 0.0623509 -0.0827181 -0.0268625 -0.0009692 0.9962104
1305031121.714520 -0.0390954 -0.1304502 0.1503407 -0.0182973 -0.0437470 -0.0036509 0.9988684
1305031121.914931 -0.0392463 -0.1466640 0.1573628 -0.0299168 -0.0417031 0.0119085 0.9986110
1305031122.150725 -0.0379567 -0.1183359 0.1504974 -0.0244061 -0.0461825 -0.0074400 0.9986071
1305031123.579583 -0.0378959 0.1701925 0.0622438 -0.1164264 -0.0229402 0.0086471 0.9928967
1305031123.811608 -0.0323323 0.1948875 0.0576279 -0.1334571 -0.0132932 0.0167593 0.9908237
1305031124.011302 -0.0341108 0.1895153 0.0610371 -0.1239600 -0.0218804 0.0225478 0.9917897
1305031126.979337 -0.0230764 0.1155007 0.0914711 -0.1006069 -0.0329051 0.0107098 0.9943243
1305031127.847366 -0.0277235 0.0866707 0.1056062 -0.0850396 -0.0561259 0.0059571 0.9947777
1305031128.479296 -0.0289120 0.0770328 0.1144502 -0.0884932 -0.0596891 0.0043737 0.9942771
