1305031102.575286 0.0000000 0.0000000 0.0000000 0.0000000 0.0000000 0.0000000 1.0000000
1305031104.711277 0.0046982 -0.0370919 -0.1475003 0.0842205 0.0213556 -0.0032578 0.9962130
1305031105.011290 0.0050979 -0.0123587 -0.1628269 0.1353891 0.0511118 0.0131192 0.9893863
1305031105.175159 -0.0008458 -0.0026066 -0.1242386 0.1004421 0.0445832 0.0031602 0.9939385
1305031108.176058 0.0686672 -0.0124355 -0.0721360 0.0582722 0.0693658 -0.0079543 0.9958562
1305031108.543737 0.1628055 -0.0164717 -0.0533476 0.0296490 0.0746218 0.0220761 0.9965265
1305031110.679606 -0.2017395 0.0220946 -0.0365213 -0.0391447 -0.0732283 -0.0672323 0.9942762
1305031112.479418 0.1783549 -0.0091259 -0.0422035 0.0400810 0.1017116 0.0137932 0.9939104
1305031112.611261 0.2125712 -0.0035588 -0.0478272 0.0499765 0.0858165 0.0379733 0.9943319
1305031112.779310 0.2213241 0.0002419 -0.0426883 0.0326500 0.1103192 0.0574840 0.9916951
1305031113.111316 0.1690000 -0.0013195 -0.0407546 0.0153217 0.0813332 0.0403522 0.9957519
1305031113.279312 0.1242412 -0.0053701 -0.0444159 0.0069071 0.0609386 0.0432052 0.9971821
1305031114.543236 -0.2261453 0.0013916 -0.0138219 0.0217927 -0.0516732 -0.0683803 0.9960819
1305031114.711306 -0.2432605 -0.0036356 -0.0110667 0.0082803 -0.0657051 -0.0630689 0.9958095
1305031115.111230 -0.1896318 0.0105895 -0.0031619 -0.0018501 -0.0667910 -0.0732185 0.9950752
1305031116.311336 0.1781206 0.0108197 0.0185609 -0.0426020 0.1206977 0.1147656 0.9851122
1305031116.479850 0.1817043 0.0047202 0.0156527 -0.0397118 0.1386692 0.1348559 0.9803100
1305031116.643355 0.1506446 0.0024092 0.0072638 -0.0346159 0.1259991 0.1074899 0.9855820
1305031120.115232 -0.0484554 0.1549845 -0.0239359 -0.0481268 -0.0056436 0.0071684 0.9987996
1305031122.082959 -0.0372642 -0.1523079 0.0481749 0.0219636 -0.0231832 0.0035409 0.9994836
1305031123.511360 -0.0444340 0.1591826 -0.0151666 -0.0662415 -0.0007658 0.0066562 0.9977811
1305031123.751723 -0.0376935 0.1910552 -0.0174897 -0.0850963 0.0086114 0.0185716 0.9961624
1305031124.051505 -0.0402770 0.1824410 -0.0156771 -0.0758307 -0.0029889 0.0265770 0.9967620
1305031124.282545 -0.0399927 0.1369109 -0.0069713 -0.0571187 -0.0172075 0.0182684 0.9980519
1305031125.679328 -0.0429534 -0.1297315 0.0523335 0.0237922 -0.0106765 -0.0167766 0.9995191
1305031125.879318 -0.0390211 -0.0990495 0.0403277 0.0291020 -0.0192262 -0.0205978 0.9991792
1305031126.147432 -0.0360635 -0.0286801 0.0306331 0.0119673 -0.0414487 -0.0121055 0.9989956
1305031126.979337 -0.0257487 0.1078962 0.0082922 -0.0553454 -0.0115215 0.0139371 0.9983035
1305031128.179350 -0.0278515 0.0692337 0.0286198 -0.0455276 -0.0379303 0.0125227 0.9981642
1305031128.411337 -0.0294659 0.0679916 0.0282088 -0.0420622 -0.0382137 0.0086211 0.9983467
