1305031102.175304 0.0000000 0.0000000 0.0000000 0.0000000 0.0000000 0.0000000 1.0000000
1305031102.243211 -0.0017807 0.0054058 0.0155787 -0.0080510 -0.0060156 -0.0014826 0.9999484
1305031105.011290 0.0134716 -0.0186938 -0.0587341 0.0875939 0.0285987 0.0100232 0.9956952
1305031108.143334 0.0628399 -0.0149693 0.0273311 0.0113022 0.0426198 -0.0166282 0.9988890
1305031108.375410 0.1107555 -0.0058724 0.0432639 -0.0075728 0.0515327 -0.0069301 0.9986185
1305031108.711411 0.1962717 -0.0024046 0.0550791 -0.0184025 0.0800151 0.0243067 0.9963273
1305031109.275308 0.1477110 -0.0041988 0.0445526 -0.0296710 0.0519301 0.0422667 0.9973146
1305031109.443302 0.1038317 0.0055086 0.0380711 -0.0322588 0.0131953 0.0320407 0.9988787
1305031110.843218 -0.2055152 0.0269726 0.0486768 -0.0913905 -0.1026017 -0.0751423 0.9876610
1305031111.079283 -0.1819389 0.0322768 0.0527370 -0.0918046 -0.0972904 -0.0716514 0.9884192
1305031112.479418 0.1744631 -0.0030111 0.0622922 -0.0058845 0.0780446 0.0070782 0.9969074
1305031112.711251 0.2148659 0.0011617 0.0597573 -0.0042464 0.0809322 0.0433934 0.9957655
1305031112.879421 0.2032434 0.0063842 0.0661234 -0.0225481 0.0839348 0.0476296 0.9950768
1305031114.779289 -0.2324158 0.0058549 0.0729146 -0.0341739 -0.0929260 -0.0696909 0.9926430
1305031114.979280 -0.2153947 0.0154209 0.0721256 -0.0366624 -0.0937749 -0.0752258 0.9920702
1305031115.179440 -0.1706395 0.0180267 0.0814996 -0.0510314 -0.0756819 -0.0707244 0.9933107
1305031116.479850 0.1739065 0.0117269 0.1138829 -0.0902072 0.1224391 0.1233502 0.9806406
1305031116.679281 0.1366219 0.0090927 0.1038330 -0.0840588 0.1010916 0.0887641 0.9873376
1305031120.148157 -0.0429512 0.1527298 0.0566567 -0.0966661 -0.0276990 0.0042967 0.9949221
1305031121.782835 -0.0407230 -0.1385410 0.1511897 -0.0215568 -0.0419415 -0.0038200 0.9988802
1305031122.114672 -0.0404610 -0.1249552 0.1485891 -0.0242182 -0.0442027 -0.0040755 0.9987207
1305031123.311327 -0.0440676 0.1300690 0.0677215 -0.0901513 -0.0393425 -0.0134112 0.9950603
1305031123.551513 -0.0379195 0.1635596 0.0627971 -0.1141442 -0.0234543 0.0049105 0.9931751
1305031123.783858 -0.0334510 0.1876857 0.0585090 -0.1354628 -0.0120432 0.0153563 0.9905902
1305031124.011302 -0.0343486 0.1862638 0.0601648 -0.1248489 -0.0212871 0.0218653 0.9917064
1305031125.611533 -0.0369194 -0.1136843 0.1610974 -0.0334965 -0.0328329 -0.0242268 0.9986055
1305031126.979337 -0.0238142 0.1146093 0.0905338 -0.1000537 -0.0321878 0.0099794 0.9944112
1305031127.279465 -0.0239048 0.1049901 0.0929078 -0.0915857 -0.0440878 0.0107321 0.9947628
1305031128.111391 -0.0285724 0.0820981 0.1107593 -0.0896781 -0.0576411 0.0066486 0.9942792
1305031128.379404 -0.0284446 0.0782861 0.1134329 -0.0881497 -0.0592273 0.0071507 0.9943192
1305031128.679282 -0.0305803 0.0736583 0.1118941 -0.0855198 -0.0598501 0.0018195 0.9945356
