1341847980.722988 -0.0000010 0.0000000 0.0000005 0.0000000 0.0000000 0.0000000 1.0000000
1341847981.426707 -0.0128804 0.0008297 -0.0036848 0.0031538 0.0045177 0.0060880 0.9999663
1341847982.094786 -0.0537196 0.0106562 -0.0131917 0.0009167 0.0106020 0.0012945 0.9999425
1341847983.370887 -0.1631384 0.0028011 -0.0049690 -0.0050164 0.0560383 0.0252040 0.9980978
1341847984.238670 -0.3027615 0.0171506 -0.0088950 -0.0019014 0.0858305 0.0305618 0.9958391
1341847984.610792 -0.3520924 0.0138382 0.0263488 -0.0153055 0.0901123 0.0346466 0.9952111
1341847984.842655 -0.3780612 -0.0000932 0.0607345 -0.0041340 0.0909576 0.0410563 0.9949995
1341847988.669807 -0.5406767 -0.1861240 0.5290393 0.0212887 0.3355284 0.1810766 0.9242179
1341847988.873917 -0.5540212 -0.1916757 0.5361816 0.0158584 0.3435826 0.1911877 0.9193187
1341847989.134676 -0.5815932 -0.2010403 0.5455991 0.0146303 0.3525707 0.2013301 0.9137538
1341847990.039001 -0.6873720 -0.2405794 0.5568852 0.0089232 0.3703141 0.1766454 0.9119124
1341847990.978824 -0.7950135 -0.2623380 0.5777696 0.0084286 0.3848332 0.2067655 0.8994890
1341847991.246842 -0.8149887 -0.2737703 0.5923870 0.0133264 0.3997556 0.2133538 0.8913462
1341847992.418855 -0.8888959 -0.3325495 0.6641999 0.0137736 0.4844788 0.2706707 0.8317620
1341847992.686829 -0.9171091 -0.3470329 0.6859363 0.0134950 0.4976258 0.2833158 0.8197064
1341847992.922713 -0.9364974 -0.3572332 0.7036737 0.0095164 0.5059504 0.2866689 0.8134769
1341847993.458848 -0.9574729 -0.3853706 0.7547625 0.0113062 0.5356060 0.2984737 0.7898809
1341847993.901726 -0.9707366 -0.4106247 0.8043634 -0.0054769 0.5484359 0.3166854 0.7738853
1341847994.101772 -0.9726565 -0.4264567 0.8201945 -0.0077560 0.5608678 0.3156989 0.7653113
1341847994.333755 -0.9788777 -0.4444578 0.8401577 0.0059148 0.5770325 0.3192898 0.7516998
1341847994.966673 -1.0144125 -0.4874567 0.9146637 0.0013776 0.6061344 0.3473397 0.7155099
1341847995.770704 -1.0177991 -0.5272725 0.9861087 0.0112109 0.6381738 0.3818538 0.6684282
1341847996.106729 -1.0162680 -0.5383435 1.0024486 0.0099781 0.6536223 0.3839384 0.6521269
1341847997.010744 -1.0313793 -0.5699816 1.0691786 0.0124935 0.6943122 0.4056579 0.5943199
1341847997.242959 -1.0388310 -0.5856549 1.0993527 0.0112669 0.6973907 0.4003533 0.5943370
1341847997.510941 -1.0353670 -0.6031511 1.1227050 0.0092999 0.7105940 0.3985341 0.5797760
1341847998.253760 -0.9947510 -0.6596415 1.2049966 0.0208946 0.7284407 0.4030859 0.5535877
1341847998.518722 -0.9840831 -0.6781814 1.2390172 0.0081783 0.7223927 0.3981662 0.5652836
1341847998.750838 -0.9770307 -0.6945518 1.2728363 -0.0010364 0.7222155 0.3984680 0.5653555
1341847999.018809 -0.9723732 -0.7101958 1.3121849 -0.0039474 0.7216477 0.4096803 0.5580063
1341847999.254873 -0.9635789 -0.7201449 1.3380132 -0.0077251 0.7299054 0.4135152 0.5442275
1341847999.522673 -0.9506235 -0.7331824 1.3598194 0.0138234 0.7519709 0.4202839 0.5076516
1341848000.058724 -0.8994490 -0.7398718 1.3881177 0.0295683 0.7781616 0.4564537 0.4303954
1341848000.295643 -0.8764900 -0.7353517 1.3919966 0.0181711 0.7825069 0.4762483 0.4006747
1341848000.562770 -0.8501039 -0.7306271 1.3955899 0.0155232 0.7863947 0.4861187 0.3808293
1341848000.830729 -0.8189374 -0.7324243 1.3962178 0.0254679 0.8003384 0.4846489 0.3520302
1341848001.098800 -0.7853565 -0.7383963 1.4028345 0.0351192 0.8079162 0.4877576 0.3288322
1341848001.366701 -0.7521172 -0.7324240 1.4091551 0.0218008 0.8217594 0.4832332 0.3012007
1341848001.634657 -0.7231525 -0.7210397 1.4027658 0.0098664 0.8380806 0.4850365 0.2495258
1341848001.902749 -0.6954949 -0.7157973 1.3924471 0.0088353 0.8487545 0.4851595 0.2101378
1341848002.202698 -0.6632552 -0.7086987 1.3811264 0.0213790 0.8523889 0.4936871 0.1710238
1341848002.474697 -0.6386987 -0.6994206 1.3757823 0.0114839 0.8525090 0.5030402 0.1415875
1341848002.742817 -0.6143242 -0.6848177 1.3732769 0.0000708 0.8478645 0.5148182 0.1268386
1341848003.278886 -0.5561424 -0.6687529 1.3723431 -0.0132389 0.8508487 0.5053320 0.1432507
1341848003.510700 -0.5294484 -0.6628319 1.3759248 -0.0269592 0.8505225 0.4957847 0.1734425
1341848003.753761 -0.5046923 -0.6571990 1.3735902 -0.0329437 0.8464376 0.4882235 0.2099902
1341848003.985789 -0.4842343 -0.6463548 1.3630216 -0.0343619 0.8385569 0.4888549 0.2380390
1341848004.221773 -0.4617181 -0.6328828 1.3513163 -0.0306733 0.8316183 0.4878960 0.2634912
1341848004.457752 -0.4379162 -0.6193898 1.3461757 -0.0446268 0.8186563 0.4852848 0.3038238
1341848004.657882 -0.4217791 -0.6082207 1.3458354 -0.0534909 0.8036861 0.4919136 0.3305275
1341848004.889791 -0.4079296 -0.6000603 1.3451369 -0.0610831 0.7874527 0.5013371 0.3533387
1341848007.237921 -0.3140365 -0.6383743 1.4207370 -0.0163627 0.7530288 0.4577877 0.4723456
1341848008.138809 -0.2714758 -0.6881811 1.4756188 0.0004428 0.7846640 0.4907911 0.3787167
1341848008.438870 -0.2482081 -0.7001424 1.4942800 0.0040462 0.7908537 0.5092765 0.3393693
1341848008.738678 -0.2277504 -0.7160259 1.5072714 0.0144582 0.7984274 0.5199751 0.3032005
1341848009.378700 -0.1891746 -0.7243094 1.5335190 0.0069700 0.8159809 0.5352971 0.2181366
1341848009.746819 -0.1552577 -0.7233973 1.5420299 -0.0036129 0.8197617 0.5373883 0.1979683
1341848010.114748 -0.1202094 -0.7119690 1.5376517 -0.0021213 0.8200267 0.5374655 0.1966788
1341848010.414692 -0.0966095 -0.6956339 1.5086712 0.0025876 0.8159685 0.5503307 0.1769881
1341848010.750922 -0.0848622 -0.6844862 1.4796317 0.0023392 0.8139693 0.5615431 0.1487205
1341848010.986761 -0.0809263 -0.6801016 1.4655849 0.0068498 0.8191931 0.5597520 0.1247132
1341848011.286627 -0.0755851 -0.6743095 1.4565814 0.0063712 0.8205275 0.5623844 0.1020676
1341848011.890689 -0.0691069 -0.6541248 1.4365970 0.0139379 0.8187856 0.5730155 0.0323912
1341848012.190967 -0.0698188 -0.6366982 1.4179871 0.0078750 0.8138576 0.5805534 0.0230560
1341848012.794727 -0.0580528 -0.5974327 1.3743382 -0.0365037 0.7993410 0.5943823 0.0801948
1341848013.098784 -0.0509082 -0.5869003 1.3649400 -0.0630050 0.7979374 0.5830136 0.1393606
1341848013.398748 -0.0397006 -0.5806776 1.3726801 -0.0665397 0.7882275 0.5796921 0.1955172
1341848013.666669 -0.0245531 -0.5812492 1.3765339 -0.0811739 0.7701279 0.5772072 0.2591249
1341848013.966740 -0.0100144 -0.5805001 1.3854791 -0.0893654 0.7668741 0.5516065 0.3156709
1341848014.234751 0.0127803 -0.5783312 1.3918730 -0.1098399 0.7476915 0.5411522 0.3688455
1341848014.438848 0.0319457 -0.5752573 1.4017222 -0.1146303 0.7328162 0.5236551 0.4190772
1341848014.906647 0.0731403 -0.5819251 1.4208485 -0.0972934 0.7006155 0.4751908 0.5233217
1341848015.106838 0.0831987 -0.5777589 1.4253973 -0.1125998 0.6739286 0.4754310 0.5541723
1341848015.310598 0.0941719 -0.5717830 1.4295999 -0.1198959 0.6485257 0.4704016 0.5863120
1341848015.510927 0.1012889 -0.5686408 1.4294462 -0.1131488 0.6125298 0.4577851 0.6343795
1341848016.389789 0.1050217 -0.5760299 1.4341590 -0.0929807 0.5370451 0.3781205 0.7483061
1341848017.018678 0.0823729 -0.5998953 1.4635491 -0.0636504 0.5560283 0.3927482 0.7297465
1341848017.118641 0.0780251 -0.6061134 1.4687021 -0.0669655 0.5625359 0.3968742 0.7221910
1341848017.254693 0.0691904 -0.6139016 1.4736296 -0.0622642 0.5790709 0.4022323 0.7064059
1341848017.822756 0.0333534 -0.6400647 1.4847138 -0.0165824 0.6365370 0.4047189 0.6563142
1341848018.090894 0.0217539 -0.6475246 1.4916714 -0.0172832 0.6495554 0.4074008 0.6417192
1341848018.433770 0.0183016 -0.6611828 1.5106206 -0.0137361 0.6715192 0.4270335 0.6054053
1341848018.733853 0.0164104 -0.6782946 1.5404849 -0.0122163 0.6912833 0.4445192 0.5695444
1341848019.069833 0.0134667 -0.7063211 1.5704932 -0.0080929 0.7062939 0.4445259 0.5508903
1341848019.431028 0.0083100 -0.7323761 1.6059270 -0.0184174 0.7329893 0.4548578 0.5054621
1341848019.798719 0.0039136 -0.7629490 1.6561111 -0.0142871 0.7550786 0.4605714 0.4663970
1341848020.170835 0.0107466 -0.7788008 1.6835134 -0.0089312 0.7786587 0.4722287 0.4130509
1341848020.570790 0.0336253 -0.7969624 1.7125584 0.0003225 0.8115610 0.4722980 0.3439523
1341848020.906582 0.0557356 -0.8142904 1.7377272 0.0059430 0.8187526 0.4882120 0.3020892
1341848021.274899 0.0878320 -0.8255905 1.7568064 0.0029088 0.8324513 0.4905715 0.2575964
1341848021.643147 0.1284397 -0.8435307 1.7783546 0.0085714 0.8570315 0.4774958 0.1934461
1341848021.978747 0.1693760 -0.8492998 1.7891734 -0.0002833 0.8649633 0.4778287 0.1533563
1341848022.354110 0.2181673 -0.8477786 1.7790890 0.0039682 0.8785093 0.4677606 0.0969828
1341848022.721700 0.2578796 -0.8563405 1.7615702 0.0136490 0.8878723 0.4584642 0.0361523
1341848023.050766 0.2953173 -0.8456572 1.7428739 -0.0115625 0.8763359 0.4793488 -0.0461140
1341848023.418717 0.3368134 -0.8291169 1.7331259 -0.0153209 0.8583298 0.4980431 -0.1224264
1341848023.754690 0.3627164 -0.8125070 1.7121764 -0.0133075 0.8522900 0.4942718 -0.1706460
1341848024.190945 0.3827701 -0.7902760 1.6652651 0.0046880 0.8419344 0.4861897 -0.2339745
1341848024.558627 0.3961921 -0.7689015 1.6361706 0.0005900 0.8227414 0.4947062 -0.2799321
1341848024.894777 0.4208638 -0.7498972 1.6162944 0.0054524 0.8084845 0.4934691 -0.3206421
1341848025.598738 0.4849662 -0.7222012 1.5824062 0.0133886 0.7848263 0.4864520 -0.3837093
1341848025.967138 0.5045081 -0.7060013 1.5632262 0.0194474 0.7733722 0.4807387 -0.4128045
1341848026.334824 0.5264283 -0.6866621 1.5432768 0.0427961 0.7554315 0.4755585 -0.4487047
1341848026.938881 0.5722259 -0.6602879 1.5089961 0.0373594 0.7449782 0.4664415 -0.4754409
1341848027.238696 0.6109111 -0.6493819 1.4962555 0.0370441 0.7425472 0.4594930 -0.4859193
1341848027.506714 0.6474080 -0.6440865 1.4847076 0.0349357 0.7508605 0.4447735 -0.4869955
1341848027.778768 0.6724502 -0.6366173 1.4711056 0.0302671 0.7602523 0.4421259 -0.4750001
1341848028.046706 0.6906322 -0.6245540 1.4525673 0.0199046 0.7647897 0.4482583 -0.4623472
1341848028.254235 0.6992120 -0.6170478 1.4338104 0.0217053 0.7687355 0.4419855 -0.4617613
1341848029.218708 0.7497067 -0.5707182 1.3446723 0.0271879 0.7619311 0.4379987 -0.4763182
1341848029.518925 0.7702442 -0.5585160 1.3255200 0.0206929 0.7533656 0.4352927 -0.4924757
1341848029.786949 0.7975860 -0.5492991 1.3098302 -0.0258797 -0.7444419 -0.4224752 0.5163829
1341848030.022873 0.8202615 -0.5399365 1.2993895 -0.0304025 -0.7326142 -0.4180803 0.5362471
1341848030.322775 0.8407703 -0.5280584 1.2851043 -0.0296253 -0.7151629 -0.4165968 0.5604564
1341848030.827483 0.8618285 -0.5021714 1.2514743 -0.0347187 -0.6884053 -0.3976222 0.6056314
1341848031.094761 0.8783853 -0.4913990 1.2242541 -0.0507699 -0.6801441 -0.3700210 0.6308017
1341848031.330754 0.8909445 -0.4801770 1.2021559 -0.0618877 -0.6774089 -0.3633533 0.6366014
1341848031.562876 0.9001513 -0.4762378 1.1876179 -0.0547598 -0.6690474 -0.3600044 0.6478996
1341848031.766658 0.9107529 -0.4704432 1.1773647 -0.0480423 -0.6593977 -0.3514400 0.6628549
1341848032.334617 0.9505787 -0.4535024 1.1447479 -0.0445684 -0.6351455 -0.3299439 0.6969511
1341848033.039238 0.9828670 -0.4281957 1.0914483 -0.0345878 -0.6286604 -0.3111606 0.7118770
1341848033.338836 0.9852886 -0.4147255 1.0676956 -0.0377231 -0.6137494 -0.2983758 0.7299730
1341848033.606870 0.9878060 -0.4049160 1.0476576 -0.0417348 -0.6032913 -0.2919969 0.7409694
1341848034.453838 1.0101311 -0.3880575 1.0000700 -0.0328962 -0.5504876 -0.2340530 0.8006874
1341848034.683883 1.0251273 -0.3736700 0.9790744 -0.0343371 -0.5452117 -0.2360111 0.8036566
1341848034.951491 1.0372852 -0.3564370 0.9606109 -0.0386555 -0.5386291 -0.2380611 0.8072864
1341848035.786729 1.0343008 -0.3187876 0.8974182 -0.0542834 -0.5100703 -0.2029225 0.8340887
1341848036.054911 1.0292423 -0.3093237 0.8743562 -0.0659636 -0.5021591 -0.1846635 0.8422496
1341848036.422758 1.0211890 -0.2950871 0.8463023 -0.0620997 -0.4834334 -0.1853943 0.8532671
1341848036.758851 1.0117438 -0.2787118 0.8107306 -0.0510961 -0.4709494 -0.1661745 0.8648595
1341848037.730964 0.9847057 -0.2327115 0.6931497 0.0017045 -0.4557353 -0.1431430 0.8785286
1341848038.634739 0.9297003 -0.1930744 0.6210626 -0.0115123 -0.3961472 -0.1280769 0.9091376
1341848038.970765 0.9212586 -0.1739533 0.5847307 -0.0102343 -0.3847420 -0.1181788 0.9153702
1341848039.270959 0.9173180 -0.1549406 0.5532158 -0.0105989 -0.3663252 -0.1043548 0.9245559
1341848039.742862 0.8997151 -0.1346664 0.5177214 -0.0078568 -0.3461931 -0.1064921 0.9320666
1341848040.346920 0.8537076 -0.1095274 0.4727672 -0.0243814 -0.3046495 -0.0805940 0.9487354
1341848040.646758 0.8299425 -0.1058118 0.4525183 -0.0203147 -0.2907663 -0.0636932 0.9544556
1341848040.914699 0.8115107 -0.1021492 0.4400300 -0.0037821 -0.2439648 -0.0501837 0.9684774
1341848041.818704 0.7291427 -0.0795953 0.4203575 -0.0325209 -0.1548735 0.0134604 0.9873071
1341848042.154788 0.6877797 -0.0871154 0.4196213 -0.0329900 -0.1373414 0.0421522 0.9890764
1341848042.461752 0.6518936 -0.0884923 0.4219269 -0.0402888 -0.1044515 0.0546640 0.9922089
1341848043.097862 0.5821940 -0.0811066 0.4177651 -0.0499086 -0.0179325 0.1113093 0.9923698
1341848043.401743 0.5471961 -0.0853772 0.4244365 -0.0474354 0.0093012 0.1208087 0.9914982
1341848043.701979 0.5113813 -0.0923194 0.4395500 -0.0494979 0.0243656 0.1390025 0.9887540
1341848044.305742 0.4546223 -0.1124419 0.4746030 -0.0575089 0.0494231 0.1519528 0.9854747
1341848044.605829 0.4334928 -0.1177679 0.4925805 -0.0602860 0.0834050 0.1786327 0.9785191
1341848044.902692 0.4092502 -0.1261026 0.5065109 -0.0547168 0.1130698 0.2096520 0.9696738
1341848045.538886 0.3625909 -0.1426079 0.5522309 -0.0648797 0.1222074 0.2146758 0.9668352
1341848046.249730 0.3069199 -0.1666538 0.6108987 -0.0744700 0.0825109 0.1718628 0.9788306
1341848046.878793 0.2412857 -0.1570223 0.6064497 -0.0706906 0.0585794 0.1371981 0.9862798
1341848047.147565 0.2122449 -0.1490724 0.5937505 -0.0744837 0.0572246 0.1333914 0.9866024
1341848047.750845 0.1393450 -0.1440730 0.5660007 -0.0680613 0.0343398 0.1121289 0.9907652
1341848048.386709 0.0704801 -0.1504816 0.5583662 -0.0590096 0.0584204 0.1114965 0.9902896
1341848049.294747 -0.0087715 -0.1612712 0.5322024 0.0072349 0.0625782 0.0946768 0.9935129
1341848049.526803 -0.0303233 -0.1564508 0.5188835 0.0176674 0.0653697 0.1044523 0.9922220
1341848050.030786 -0.0990587 -0.1460424 0.4942865 0.0116916 0.0535106 0.0958464 0.9938880
1341848051.506718 -0.2280468 -0.1401142 0.4707517 0.0406868 -0.0716918 -0.0032805 0.9965913
1341848051.906707 -0.2361194 -0.1293148 0.4585958 0.0677470 -0.1199512 -0.0771491 0.9874563
1341848052.412309 -0.2069148 -0.1136418 0.4423978 0.0553855 -0.1004219 -0.1222883 0.9858466
1341848052.579155 -0.1938092 -0.1067005 0.4304383 0.0611156 -0.0928052 -0.1313580 0.9850874
1341848052.746833 -0.1798327 -0.1014153 0.4238719 0.0617383 -0.0871599 -0.1443727 0.9837419
1341848052.946675 -0.1612507 -0.0967672 0.4110946 0.0580922 -0.0699750 -0.1459788 0.9850985
1341848053.183210 -0.1365135 -0.0895095 0.3946281 0.0583049 -0.0412516 -0.1304186 0.9888831
1341848053.521747 -0.1070908 -0.0835474 0.3769522 0.0566597 -0.0059645 -0.0949417 0.9938512
1341848054.522689 -0.1038016 -0.0757946 0.3096294 0.0179053 0.0766943 0.0412188 0.9960414
1341848054.890895 -0.1041903 -0.0737549 0.2815933 0.0298848 0.0980146 0.0685388 0.9923722
1341848055.294725 -0.1183444 -0.0565119 0.2375578 0.0518073 0.1191919 0.0994669 0.9865169
1341848055.662951 -0.1459869 -0.0366765 0.1950755 0.0530275 0.1413584 0.1048835 0.9829574
1341848055.994709 -0.1700447 -0.0272504 0.1750702 0.0564025 0.1691963 0.1287865 0.9755027
1341848056.398744 -0.2370487 -0.0235578 0.1786219 0.0583478 0.1669211 0.1425380 0.9738664
1341848056.766724 -0.3066518 -0.0241944 0.1857734 0.0336691 0.1427868 0.1587831 0.9763535
1341848057.134714 -0.3506889 -0.0290817 0.1906225 0.0195231 0.1496468 0.1502810 0.9770570
1341848057.538788 -0.4146005 -0.0219463 0.1968287 0.0002153 0.1690984 0.1573129 0.9729637
1341848058.207081 -0.5272321 -0.0340054 0.2110361 -0.0010984 0.1833285 0.1857672 0.9653393
1341848058.846829 -0.5920540 -0.0585512 0.2476434 0.0134809 0.2007747 0.2018528 0.9585214
1341848059.514652 -0.6016879 -0.0649190 0.2610773 0.0321915 0.2549057 0.2203667 0.9409704
1341848060.050701 -0.6097891 -0.0692680 0.2600427 0.0525501 0.2710834 0.2109058 0.9376945
1341848061.030587 -0.5845954 -0.0615053 0.2536060 0.0815995 0.2664889 0.1733734 0.9445988
1341848061.997188 -0.5330152 -0.0754366 0.2510599 0.1000275 0.2739893 0.1703295 0.9412291
1341848062.566929 -0.5160496 -0.0759669 0.2607668 0.0888034 0.2440062 0.1586737 0.9525742
1341848064.349790 -0.3467870 -0.0820587 0.2852685 0.0679189 0.1789224 0.1213222 0.9739891
1341848065.614763 -0.2030740 -0.0818575 0.2840895 0.0821352 0.1454640 0.1080248 0.9800126
1341848067.090940 -0.0887978 -0.0851311 0.3048914 0.0735832 0.0576690 0.0144885 0.9955149
1341848067.758667 -0.0524616 -0.0838898 0.2953297 0.0852793 0.0677662 0.0393579 0.9932704
