1341847980.722988 -0.0000050 0.0000879 0.0000642 -0.0001451 -0.0001220 0.0000568 1.0000000
1341847982.230594 -0.0336922 0.0066433 -0.0175817 0.0001350 -0.0018685 0.0006425 0.9999980
1341847982.934803 -0.0828881 0.0058618 -0.0143765 0.0055698 0.0345277 0.0216368 0.9991540
1341847983.570684 -0.1578556 0.0010904 -0.0139591 -0.0057241 0.0528885 0.0231511 0.9983156
1341847984.174831 -0.2523332 0.0147736 -0.0265855 0.0012080 0.0707336 0.0285345 0.9970863
1341847984.442894 -0.2924856 0.0169562 -0.0065643 -0.0152951 0.0691755 0.0333398 0.9969299
1341847984.710651 -0.3220994 0.0106636 0.0258641 -0.0114986 0.0746935 0.0350657 0.9965235
1341847988.469742 -0.4920861 -0.1774460 0.4784913 0.0244347 0.3127972 0.1742144 0.9333864
1341847988.873917 -0.5154642 -0.1812050 0.4932597 0.0112138 0.3277382 0.1872273 0.9259632
1341847989.334871 -0.5666093 -0.2009906 0.5042306 0.0148660 0.3286328 0.1886057 0.9253147
1341847989.870960 -0.6197188 -0.2233972 0.5087038 -0.0008919 0.3501399 0.1678661 0.9215325
1341847990.674787 -0.7228141 -0.2391342 0.5144736 0.0056104 0.3553841 0.1882645 0.9155474
1341847990.910825 -0.7429522 -0.2449656 0.5209664 0.0061782 0.3636168 0.2025766 0.9092345
1341847992.418855 -0.8401799 -0.3107980 0.6019986 0.0097433 0.4687004 0.2668265 0.8420383
1341847992.686829 -0.8678506 -0.3243127 0.6219954 0.0090360 0.4820884 0.2788914 0.8304991
1341847993.190779 -0.8985579 -0.3461726 0.6607296 -0.0025478 0.5033628 0.2851511 0.8156642
1341847993.727062 -0.9183106 -0.3751848 0.7155122 -0.0039209 0.5244797 0.3117908 0.7922702
1341847993.965821 -0.9250432 -0.3896656 0.7372907 -0.0123959 0.5349238 0.3108338 0.7855477
1341847994.233618 -0.9273923 -0.4092835 0.7580998 -0.0039853 0.5542650 0.3140662 0.7708027
1341847994.966673 -0.9693696 -0.4563448 0.8366261 -0.0040664 0.5920473 0.3421813 0.7296405
1341847995.266776 -0.9741068 -0.4712733 0.8605789 0.0024197 0.6156994 0.3526725 0.7046493
1341847995.534752 -0.9780630 -0.4858182 0.8846635 0.0060710 0.6268627 0.3565171 0.6927494
1341847996.374711 -0.9767779 -0.5105503 0.9323524 0.0057550 0.6583221 0.3809476 0.6491978
1341847996.842763 -0.9880091 -0.5240132 0.9671061 -0.0021026 0.6805989 0.3971002 0.6157047
1341847997.346642 -0.9991837 -0.5543645 1.0216643 0.0025986 0.6880063 0.3965879 0.6077487
1341847997.814628 -0.9833384 -0.5872238 1.0675142 0.0071449 0.7194685 0.3828090 0.5794578
1341847998.082631 -0.9714663 -0.6095074 1.0996536 0.0188588 0.7228338 0.3954399 0.5663770
1341847998.351206 -0.9597328 -0.6266418 1.1283618 0.0124805 0.7170687 0.3960757 0.5733940
1341847998.650736 -0.9526627 -0.6459527 1.1678066 -0.0063701 0.7119159 0.3908996 0.5833804
1341847998.954799 -0.9483445 -0.6636739 1.2112297 -0.0088079 0.7133592 0.4009700 0.5746861
1341847999.186738 -0.9430321 -0.6731137 1.2400761 -0.0149357 0.7144849 0.4101552 0.5666224
1341847999.490878 -0.9312413 -0.6876036 1.2642461 0.0046343 0.7394435 0.4112625 0.5329774
1341848000.026656 -0.8823062 -0.6939565 1.2934114 0.0251261 0.7704124 0.4488265 0.4520931
1341848000.327132 -0.8562874 -0.6906289 1.3016853 0.0114301 0.7769057 0.4737921 0.4144973
1341848000.662663 -0.8221146 -0.6864331 1.3046967 0.0106184 0.7866945 0.4796745 0.3884733
1341848000.898723 -0.7969247 -0.6906197 1.3089168 0.0221892 0.7996711 0.4792709 0.3610169
1341848001.098800 -0.7720965 -0.6936057 1.3138950 0.0298058 0.8032276 0.4834852 0.3466686
1341848001.366701 -0.7408540 -0.6887353 1.3215687 0.0162344 0.8177410 0.4785771 0.3193744
1341848001.634657 -0.7136431 -0.6787536 1.3164294 0.0046459 0.8349898 0.4804922 0.2681375
1341848001.934732 -0.6836733 -0.6735593 1.3079906 0.0041628 0.8468634 0.4830217 0.2224750
1341848002.171849 -0.6589655 -0.6690234 1.2980289 0.0145783 0.8500142 0.4892941 0.1945630
1341848002.438766 -0.6333416 -0.6595136 1.2917929 0.0071583 0.8516671 0.4975242 0.1645649
1341848002.713789 -0.6107966 -0.6455767 1.2914622 -0.0031113 0.8476577 0.5098463 0.1467091
1341848002.974597 -0.5833922 -0.6366005 1.2928773 -0.0017395 0.8469455 0.5091228 0.1532133
1341848003.442728 -0.5351557 -0.6253890 1.2949781 -0.0285440 0.8513156 0.4926500 0.1781658
1341848003.685816 -0.5105687 -0.6194189 1.2947896 -0.0302702 0.8454847 0.4858643 0.2194885
1341848003.953824 -0.4850968 -0.6104529 1.2889820 -0.0404004 0.8380707 0.4808494 0.2545373
1341848004.189785 -0.4632176 -0.6000899 1.2757998 -0.0351044 0.8293805 0.4842335 0.2764302
1341848004.457752 -0.4374060 -0.5852734 1.2708668 -0.0502081 0.8144647 0.4807244 0.3209835
1341848004.689871 -0.4188912 -0.5742173 1.2701309 -0.0619321 0.7949323 0.4918688 0.3497315
1341848005.929656 -0.3692000 -0.5628890 1.2918993 -0.0674117 0.7399579 0.4728419 0.4736439
1341848006.469715 -0.3501243 -0.5723621 1.3057688 -0.0437876 0.7259937 0.4447004 0.5227402
1341848007.037835 -0.3277414 -0.5946180 1.3312459 -0.0259183 0.7339472 0.4450635 0.5124142
1341848007.331423 -0.3212303 -0.6122884 1.3506953 -0.0189624 0.7458129 0.4592170 0.4822067
1341848007.666675 -0.3123538 -0.6347774 1.3751035 -0.0158040 0.7575801 0.4607791 0.4620663
1341848008.606698 -0.2540381 -0.6757861 1.4271681 0.0041888 0.7882935 0.5153459 0.3361465
1341848009.210697 -0.2177940 -0.6934443 1.4525871 -0.0031147 0.8098131 0.5217301 0.2683111
1341848009.510631 -0.1980219 -0.6909578 1.4641922 -0.0037263 0.8129525 0.5398992 0.2181817
1341848009.810661 -0.1697941 -0.6894507 1.4709232 -0.0116940 0.8184834 0.5323486 0.2157621
1341848010.146752 -0.1381047 -0.6770542 1.4637130 -0.0112540 0.8161516 0.5377686 0.2111276
1341848010.750922 -0.1046169 -0.6536795 1.4101158 -0.0061618 0.8115982 0.5605614 0.1644422
1341848011.018704 -0.0996298 -0.6486415 1.3965589 -0.0012619 0.8176945 0.5586588 0.1388328
1341848011.654892 -0.0869213 -0.6355261 1.3784012 0.0020725 0.8222722 0.5643690 0.0731566
1341848011.990755 -0.0896254 -0.6201633 1.3651214 0.0063805 0.8182216 0.5732614 0.0429425
1341848012.626774 -0.0825301 -0.5791579 1.3167630 -0.0338190 0.8006668 0.5936802 0.0730259
1341848012.930848 -0.0716901 -0.5661985 1.3035475 -0.0605277 0.7965568 0.5882953 0.1254683
1341848013.230855 -0.0638813 -0.5580720 1.3024178 -0.0690693 0.7912175 0.5800796 0.1808644
1341848013.534779 -0.0510978 -0.5547397 1.3102053 -0.0854062 0.7730346 0.5796014 0.2432807
1341848013.802717 -0.0376189 -0.5561035 1.3177578 -0.0931017 0.7672487 0.5577248 0.3026626
1341848014.070990 -0.0242160 -0.5545740 1.3228666 -0.1007588 0.7526602 0.5462913 0.3534348
1341848014.338694 0.0014983 -0.5531980 1.3341414 -0.1205033 0.7332923 0.5318313 0.4060996
1341848014.570790 0.0213897 -0.5527388 1.3456309 -0.1271973 0.7142359 0.5006893 0.4722269
1341848014.806669 0.0408761 -0.5574987 1.3570570 -0.1139073 0.7002128 0.4785115 0.5174494
1341848015.274780 0.0646912 -0.5499695 1.3672465 -0.1315240 0.6422982 0.4677748 0.5927404
1341848015.617769 0.0750140 -0.5435351 1.3689328 -0.1172508 0.5790695 0.4428211 0.6744184
1341848016.589825 0.0720234 -0.5567077 1.3778026 -0.0807985 0.5338108 0.3798861 0.7511353
1341848016.657837 0.0707943 -0.5580317 1.3803191 -0.0723721 0.5351053 0.3866465 0.7476155
1341848017.150678 0.0451262 -0.5825650 1.4061686 -0.0716370 0.5529870 0.3932670 0.7310367
1341848017.386825 0.0301784 -0.5958045 1.4128637 -0.0539279 0.5839838 0.3982930 0.7052782
1341848017.554797 0.0170116 -0.6029134 1.4145597 -0.0427905 0.5996036 0.4018943 0.6907427
1341848017.686820 0.0132079 -0.6079619 1.4162662 -0.0364777 0.6119136 0.4037703 0.6791175
1341848017.854726 0.0031084 -0.6139418 1.4193492 -0.0207395 0.6250605 0.4019197 0.6688271
1341848018.333905 -0.0088750 -0.6276395 1.4351099 -0.0224052 0.6507052 0.4191737 0.6327513
1341848018.633687 -0.0138766 -0.6429518 1.4603761 -0.0156314 0.6738451 0.4361482 0.5962074
1341848018.933795 -0.0151328 -0.6659437 1.4911000 -0.0147935 0.6897253 0.4427665 0.5727285
1341848019.262728 -0.0213200 -0.6898363 1.5156934 -0.0192315 0.7094276 0.4468638 0.5446608
1341848019.598737 -0.0281924 -0.7155774 1.5556242 -0.0189972 0.7355479 0.4546807 0.5018703
1341848019.934782 -0.0305929 -0.7370635 1.5932906 -0.0154290 0.7537162 0.4629956 0.4661640
1341848020.271152 -0.0214951 -0.7488865 1.6142151 -0.0160478 0.7773177 0.4717869 0.4158567
1341848020.602764 -0.0039287 -0.7637842 1.6395342 -0.0036454 0.8061785 0.4720043 0.3567560
1341848020.938790 0.0193174 -0.7771595 1.6613408 0.0007520 0.8126183 0.4885723 0.3177230
1341848021.274899 0.0457018 -0.7880960 1.6797229 -0.0026240 0.8269850 0.4893163 0.2768727
1341848021.617752 0.0798240 -0.8052346 1.7002113 0.0086144 0.8514761 0.4773588 0.2168937
1341848021.946714 0.1180518 -0.8104856 1.7137744 -0.0050387 0.8601748 0.4784311 0.1765718
1341848022.314757 0.1659553 -0.8115094 1.7098912 -0.0037962 0.8750644 0.4682900 0.1222799
1341848022.654208 0.2036116 -0.8178688 1.6929901 0.0056434 0.8872923 0.4559258 0.0693695
1341848022.982728 0.2267082 -0.8135059 1.6801703 -0.0114438 0.8818957 0.4712946 0.0032381
1341848023.318763 0.2718502 -0.7994040 1.6706340 -0.0155908 0.8662772 0.4920739 -0.0847596
1341848023.654718 0.3020261 -0.7841737 1.6557684 -0.0216941 0.8560665 0.4982653 -0.1356879
1341848023.990739 0.3223421 -0.7710771 1.6264694 -0.0194627 0.8515787 0.4894938 -0.1866299
1341848024.322705 0.3361248 -0.7563156 1.5958121 0.0004090 0.8387413 0.4928184 -0.2316093
1341848024.658717 0.3521733 -0.7360772 1.5724289 -0.0075420 0.8223958 0.4992130 -0.2727539
1341848024.994729 0.3826030 -0.7209780 1.5572096 0.0064700 0.8121672 0.4926515 -0.3124692
1341848025.330653 0.4165528 -0.7050409 1.5421731 0.0108693 0.7995805 0.4902578 -0.3466990
1341848025.666677 0.4391630 -0.6927307 1.5270746 0.0079859 0.7898288 0.4881499 -0.3712361
1341848025.998679 0.4572248 -0.6796517 1.5115083 0.0151759 0.7795164 0.4830413 -0.3984908
1341848026.641972 0.4951496 -0.6502047 1.4784572 0.0367525 0.7578310 0.4667425 -0.4544148
1341848026.938881 0.5227432 -0.6368850 1.4626322 0.0313155 0.7538088 0.4690041 -0.4591588
1341848027.238696 0.5602567 -0.6272520 1.4519980 0.0317678 0.7515847 0.4621281 -0.4696263
1341848027.543310 0.5994216 -0.6207799 1.4404459 0.0291394 0.7620230 0.4456787 -0.4688735
1341848027.778768 0.6212324 -0.6141481 1.4294972 0.0241659 0.7687925 0.4444883 -0.4591343
1341848028.046706 0.6395567 -0.6029443 1.4116775 0.0134071 0.7727845 0.4510864 -0.4462572
1341848029.018728 0.6914058 -0.5614953 1.3227576 0.0247077 0.7740121 0.4386323 -0.4559567
1341848029.618715 0.7316369 -0.5371085 1.2862123 0.0166728 0.7594496 0.4331518 -0.4851163
1341848029.887992 0.7581862 -0.5274063 1.2727590 -0.0213947 -0.7477115 -0.4240947 0.5105032
1341848030.154918 0.7806186 -0.5168121 1.2618818 -0.0239584 -0.7346287 -0.4212422 0.5313206
1341848030.422795 0.7950915 -0.5062225 1.2497759 -0.0227085 -0.7163320 -0.4217856 0.5553825
1341848030.726765 0.8079158 -0.4900399 1.2308320 -0.0279658 -0.7022851 -0.4103140 0.5810818
1341848030.994735 0.8220327 -0.4787194 1.2073910 -0.0370806 -0.6913572 -0.3849891 0.6102734
1341848031.730668 0.8587074 -0.4557866 1.1543758 -0.0445725 -0.6706642 -0.3592403 0.6474329
1341848031.998742 0.8752685 -0.4503982 1.1424444 -0.0418994 -0.6559933 -0.3423060 0.6713746
1341848032.738725 0.9234558 -0.4265386 1.0979016 -0.0286571 -0.6437919 -0.3192476 0.6948321
1341848033.238728 0.9342263 -0.4047828 1.0582558 -0.0311054 -0.6314886 -0.3054221 0.7120196
1341848033.506807 0.9374409 -0.3935261 1.0383703 -0.0331504 -0.6185852 -0.3016576 0.7247455
1341848033.774817 0.9402361 -0.3863971 1.0202355 -0.0381224 -0.6124752 -0.2909636 0.7340034
1341848034.010755 0.9438251 -0.3813828 1.0090563 -0.0308301 -0.5970560 -0.2787050 0.7515965
1341848034.746742 0.9803947 -0.3575629 0.9636118 -0.0321079 -0.5587168 -0.2414741 0.7927766
1341848035.014942 0.9894046 -0.3425304 0.9477921 -0.0358384 -0.5483013 -0.2436583 0.7991945
1341848035.550852 0.9902742 -0.3198985 0.9103868 -0.0438003 -0.5382429 -0.2250506 0.8110045
1341848035.818784 0.9875138 -0.3096362 0.8905767 -0.0525288 -0.5216779 -0.2087905 0.8255298
1341848036.354859 0.9795051 -0.2902549 0.8487793 -0.0596050 -0.5023735 -0.1937806 0.8405458
1341848037.194724 0.9671886 -0.2534838 0.7579560 -0.0211229 -0.4783630 -0.1472222 0.8654758
1341848037.430946 0.9646727 -0.2436000 0.7287062 -0.0036059 -0.4855228 -0.1431117 0.8624231
1341848037.698670 0.9537570 -0.2310291 0.7024938 0.0028882 -0.4770197 -0.1504253 0.8659192
1341848037.966864 0.9393685 -0.2153901 0.6796831 -0.0082422 -0.4545270 -0.1404595 0.8795501
1341848039.138656 0.8945750 -0.1607548 0.5782171 -0.0095697 -0.3933995 -0.1151050 0.9120834
1341848039.438853 0.8952201 -0.1476947 0.5548159 -0.0109739 -0.3832890 -0.1100723 0.9169805
1341848039.707168 0.8838882 -0.1365653 0.5331045 -0.0070247 -0.3704039 -0.1120242 0.9220641
1341848040.517796 0.8271439 -0.1058523 0.4765469 -0.0206971 -0.3198261 -0.0730614 0.9444284
1341848040.882827 0.8035992 -0.1035403 0.4563068 -0.0025639 -0.2729162 -0.0598443 0.9601712
1341848041.189954 0.7864651 -0.0934162 0.4390903 -0.0200831 -0.2357951 -0.0229334 0.9713246
1341848041.550730 0.7588095 -0.0813047 0.4314014 -0.0350705 -0.1985188 -0.0082899 0.9794344
1341848041.886710 0.7143482 -0.0796032 0.4273576 -0.0338114 -0.1744705 0.0140421 0.9839815
1341848042.222883 0.6739913 -0.0880797 0.4266624 -0.0359131 -0.1511927 0.0381130 0.9871162
1341848042.897767 0.6043363 -0.0814993 0.4217156 -0.0505636 -0.0643725 0.0916604 0.9924202
1341848043.569664 0.5330729 -0.0869092 0.4283747 -0.0487020 -0.0048598 0.1272002 0.9906688
1341848043.938034 0.4923048 -0.0985981 0.4508132 -0.0566608 0.0114120 0.1436672 0.9879368
1341848044.273822 0.4618867 -0.1070875 0.4657942 -0.0588800 0.0248559 0.1474310 0.9870053
1341848044.573760 0.4411192 -0.1134081 0.4823698 -0.0650037 0.0559859 0.1707661 0.9815697
1341848044.870686 0.4179390 -0.1229960 0.4964060 -0.0632340 0.0902286 0.2026120 0.9730409
1341848045.474692 0.3669142 -0.1380999 0.5294195 -0.0729611 0.1061620 0.2123685 0.9686620
1341848046.074722 0.3181485 -0.1593306 0.5804580 -0.0730919 0.0783972 0.1830047 0.9772516
1341848046.382309 0.2916314 -0.1631631 0.5934646 -0.0818942 0.0624760 0.1540952 0.9826723
1341848046.946882 0.2325753 -0.1503844 0.5806215 -0.0746638 0.0476120 0.1331339 0.9871341
1341848047.518733 0.1681260 -0.1378583 0.5515159 -0.0735875 0.0281677 0.1156595 0.9901587
1341848047.818804 0.1370266 -0.1388496 0.5417280 -0.0715616 0.0197560 0.1071157 0.9914711
1341848048.386709 0.0789738 -0.1431479 0.5343853 -0.0605644 0.0447157 0.1081971 0.9912749
1341848048.658741 0.0543709 -0.1485270 0.5284765 -0.0445327 0.0545401 0.1123799 0.9911675
1341848049.294747 0.0034453 -0.1547229 0.5059185 0.0045006 0.0482685 0.0927504 0.9945086
1341848049.963022 -0.0728814 -0.1348885 0.4704040 0.0173158 0.0426936 0.0973689 0.9941815
1341848050.702846 -0.1482351 -0.1226760 0.4570792 0.0202964 -0.0109227 0.0424270 0.9988337
1341848051.035007 -0.1814577 -0.1246095 0.4523578 0.0238657 -0.0432306 0.0216959 0.9985443
1341848052.311125 -0.1927826 -0.1093040 0.4197345 0.0584150 -0.1185926 -0.1189463 0.9840606
1341848052.481496 -0.1800211 -0.1058123 0.4108157 0.0588447 -0.1102006 -0.1285640 0.9838010
1341848053.214816 -0.1138891 -0.0863838 0.3707506 0.0561314 -0.0496246 -0.1300587 0.9886715
1341848053.485736 -0.0910758 -0.0780423 0.3572111 0.0600056 -0.0212090 -0.0994507 0.9930051
1341848054.155032 -0.0693852 -0.0698915 0.3205393 0.0337752 0.0543902 0.0282514 0.9975484
1341848054.590790 -0.0847681 -0.0700278 0.2877121 0.0217806 0.0679122 0.0440844 0.9964789
1341848055.662951 -0.1216091 -0.0330619 0.1819014 0.0522400 0.1292811 0.1038012 0.9847754
1341848056.298771 -0.1868826 -0.0233237 0.1610588 0.0556644 0.1577827 0.1361602 0.9764561
1341848057.874817 -0.4259094 -0.0243547 0.1747624 -0.0140278 0.1819042 0.1877378 0.9651262
1341848058.343169 -0.5003994 -0.0359142 0.1898064 0.0039436 0.1660333 0.1728106 0.9708521
1341848058.846829 -0.5433134 -0.0548849 0.2155154 0.0085443 0.1851189 0.1990720 0.9623036
1341848059.346758 -0.5529910 -0.0617681 0.2279975 0.0216808 0.2265405 0.2122752 0.9503413
1341848060.757863 -0.5472196 -0.0533540 0.2214049 0.0684242 0.2686412 0.1714709 0.9453824
1341848061.226804 -0.5177344 -0.0666701 0.2206202 0.0899861 0.2491743 0.1683728 0.9494553
1341848061.726726 -0.4922655 -0.0694506 0.2175196 0.1037051 0.2566217 0.1726594 0.9452932
1341848062.734924 -0.4621458 -0.0679269 0.2286208 0.0895563 0.2181851 0.1620202 0.9581881
1341848063.709890 -0.3866892 -0.0548228 0.2239998 0.0642549 0.1806623 0.1316541 0.9725737
1341848064.213863 -0.3322685 -0.0702376 0.2505223 0.0657123 0.1608032 0.1215908 0.9772614
1341848065.782722 -0.1674412 -0.0758745 0.2631811 0.0791223 0.1204372 0.0966415 0.9848325
1341848067.322816 -0.0575027 -0.0832746 0.2872964 0.0787133 0.0423096 0.0202906 0.9957923
1341848067.826795 -0.0335091 -0.0806495 0.2783327 0.0855094 0.0591372 0.0422767 0.9936818
