1341847980.722988 -0.0001223 0.0000278 0.0001691 0.0001715 -0.0000797 -0.0000974 1.0000000
1341847981.458797 -0.0119585 0.0017926 -0.0039783 0.0038384 0.0028643 0.0066562 0.9999664
1341847981.626675 -0.0239063 0.0047804 -0.0070718 0.0068007 0.0083387 0.0058350 0.9999251
1341847983.370887 -0.1658895 0.0032091 -0.0040005 -0.0045960 0.0551201 0.0256612 0.9981393
1341847984.238670 -0.3091447 0.0186540 -0.0083464 -0.0009737 0.0847484 0.0312049 0.9959131
1341847984.343094 -0.3244258 0.0207268 -0.0031622 -0.0070861 0.0841681 0.0315598 0.9959264
1341847984.442894 -0.3386535 0.0192454 0.0058837 -0.0128365 0.0811095 0.0362555 0.9959629
1341847988.873917 -0.5659952 -0.1969121 0.5524430 0.0157723 0.3429871 0.1913546 0.9195077
1341847989.098821 -0.5894235 -0.2058344 0.5622903 0.0098024 0.3528417 0.2002316 0.9139551
1341847989.266651 -0.6102365 -0.2156796 0.5658140 0.0212029 0.3467395 0.2002664 0.9160871
1341847989.838780 -0.6723047 -0.2399752 0.5719453 0.0043006 0.3629489 0.1737625 0.9154541
1341847990.238920 -0.7324812 -0.2521613 0.5739186 0.0152441 0.3674424 0.1802198 0.9122908
1341847991.814748 -0.8663892 -0.3063322 0.6400905 0.0141080 0.4347904 0.2617986 0.8615218
1341847992.050647 -0.8794509 -0.3190207 0.6514875 0.0126668 0.4562382 0.2606849 0.8507230
1341847992.318683 -0.8993765 -0.3337875 0.6732501 0.0123320 0.4760785 0.2641598 0.8386995
1341847992.754765 -0.9455251 -0.3567129 0.7075186 0.0168589 0.4997070 0.2844640 0.8179786
1341847993.422745 -0.9788431 -0.3916370 0.7689489 0.0116320 0.5313326 0.2975892 0.7930896
1341847993.690739 -0.9914061 -0.4063498 0.8018184 0.0070208 0.5373719 0.3172039 0.7813858
1341847993.901726 -0.9933644 -0.4201013 0.8238653 -0.0045730 0.5469778 0.3169767 0.7748033
1341847994.501736 -1.0144489 -0.4692484 0.8796135 0.0177128 0.5839058 0.3241290 0.7440972
1341847994.769803 -1.0286113 -0.4889676 0.9134690 0.0157710 0.5963006 0.3361903 0.7288024
1341847994.966673 -1.0380542 -0.4987937 0.9372604 0.0024055 0.6047334 0.3478304 0.7164536
1341847995.198787 -1.0418848 -0.5111310 0.9576823 0.0087110 0.6243875 0.3560216 0.6952072
1341847996.002709 -1.0406175 -0.5475775 1.0251189 0.0089257 0.6471710 0.3849937 0.6579285
1341847997.278756 -1.0634201 -0.6023603 1.1308557 0.0110257 0.6963741 0.4015118 0.5947520
1341847997.546599 -1.0565158 -0.6199679 1.1543250 0.0093864 0.7118647 0.3982102 0.5784369
1341847998.050805 -1.0278037 -0.6610038 1.2125756 0.0235355 0.7322952 0.3993287 0.5511137
1341847998.283062 -1.0140307 -0.6783590 1.2398442 0.0195169 0.7274017 0.4018736 0.5558808
1341847998.518722 -1.0061731 -0.6943958 1.2713046 0.0079634 0.7219900 0.3980671 0.5658706
1341847998.786762 -0.9979498 -0.7125178 1.3101015 -0.0015361 0.7214039 0.3996965 0.5655234
1341847999.290995 -0.9830679 -0.7375612 1.3758572 -0.0042381 0.7335474 0.4134039 0.5394326
1341847999.590686 -0.9677110 -0.7524283 1.3983762 0.0199155 0.7551847 0.4241307 0.4994123
1341847999.826747 -0.9440949 -0.7576314 1.4125160 0.0256853 0.7715421 0.4288583 0.4691945
1341848000.094780 -0.9170529 -0.7549116 1.4230785 0.0279747 0.7779151 0.4600126 0.4271464
1341848000.530849 -0.8738272 -0.7483147 1.4297522 0.0148340 0.7849597 0.4862372 0.3836556
1341848000.762655 -0.8457018 -0.7483965 1.4300369 0.0199081 0.7970613 0.4843611 0.3601266
1341848000.998783 -0.8164718 -0.7538157 1.4352267 0.0305454 0.8059834 0.4854665 0.3373130
1341848001.266775 -0.7809916 -0.7535021 1.4424279 0.0278280 0.8148299 0.4854977 0.3155468
1341848001.502686 -0.7542475 -0.7450773 1.4416821 0.0140798 0.8277096 0.4866756 0.2790081
1341848001.970708 -0.7030338 -0.7307761 1.4256725 0.0131661 0.8487658 0.4893811 0.1998235
1341848002.171849 -0.6816330 -0.7281721 1.4165136 0.0190189 0.8510968 0.4945400 0.1752218
1341848002.406793 -0.6576829 -0.7179931 1.4112659 0.0134918 0.8518490 0.5024407 0.1473930
1341848002.713789 -0.6306542 -0.7021949 1.4077770 0.0018231 0.8476635 0.5151076 0.1269938
1341848003.210749 -0.5751629 -0.6854697 1.4058673 -0.0088846 0.8497377 0.5076038 0.1421453
1341848003.546854 -0.5371348 -0.6764867 1.4095759 -0.0281845 0.8491750 0.4966282 0.1773920
1341848003.753761 -0.5157103 -0.6725671 1.4077380 -0.0332347 0.8456480 0.4895309 0.2100819
1341848003.953824 -0.4977475 -0.6626117 1.4017906 -0.0354924 0.8406595 0.4860191 0.2362569
1341848004.153695 -0.4781061 -0.6528322 1.3868761 -0.0317063 0.8327500 0.4904729 0.2548694
1341848004.357934 -0.4577311 -0.6400894 1.3806534 -0.0358261 0.8236033 0.4885430 0.2858667
1341848004.857706 -0.4188860 -0.6146030 1.3802760 -0.0605228 0.7893354 0.4996837 0.3515719
1341848005.393694 -0.3974628 -0.6073738 1.3877767 -0.0631883 0.7663435 0.4948400 0.4047940
1341848005.629831 -0.3879624 -0.6063106 1.3925689 -0.0652055 0.7551865 0.4924560 0.4277016
1341848006.569740 -0.3489564 -0.6215019 1.4183685 -0.0372861 0.7317045 0.4492359 0.5112783
1341848007.298875 -0.3209130 -0.6593527 1.4583731 -0.0128228 0.7510130 0.4653652 0.4682416
1341848007.598725 -0.3123644 -0.6797822 1.4807258 -0.0120697 0.7612356 0.4617995 0.4550998
1341848007.866745 -0.2979971 -0.6947449 1.4953649 -0.0035501 0.7725538 0.4770027 0.4190662
1341848008.806865 -0.2310584 -0.7381663 1.5449052 0.0129743 0.7984973 0.5222663 0.2991181
1341848009.110807 -0.2112153 -0.7467458 1.5578711 0.0076406 0.8059450 0.5270855 0.2693978
1341848009.378700 -0.1951588 -0.7450473 1.5695665 0.0074005 0.8140851 0.5384128 0.2175368
1341848009.646873 -0.1715974 -0.7444508 1.5773383 0.0009721 0.8159958 0.5435967 0.1966026
1341848009.914782 -0.1437461 -0.7395591 1.5819025 -0.0021138 0.8190910 0.5383869 0.1980530
1341848010.918833 -0.0862605 -0.7008731 1.5034554 0.0072846 0.8158633 0.5632358 0.1306889
1341848011.186671 -0.0813709 -0.6945143 1.4954498 0.0113312 0.8182529 0.5639573 0.1108421
1341848011.454654 -0.0748939 -0.6892951 1.4853139 0.0097930 0.8213503 0.5646471 0.0803823
1341848011.722610 -0.0720244 -0.6796600 1.4793475 0.0096639 0.8204548 0.5693061 0.0514888
1341848011.990755 -0.0732156 -0.6674117 1.4664500 0.0135975 0.8163115 0.5768830 0.0256257
1341848012.226750 -0.0727045 -0.6513210 1.4498224 0.0066526 0.8108545 0.5847331 0.0236204
1341848012.994842 -0.0565656 -0.6067195 1.4005051 -0.0591289 0.7976518 0.5880545 0.1201969
1341848013.230855 -0.0493741 -0.6006367 1.4001286 -0.0605732 0.7921740 0.5845748 0.1645099
1341848013.466959 -0.0402643 -0.5962435 1.4058442 -0.0665688 0.7767627 0.5884007 0.2144598
1341848013.698821 -0.0258541 -0.5970190 1.4122322 -0.0829057 0.7697865 0.5733693 0.2679611
1341848013.934871 -0.0139523 -0.5961031 1.4194269 -0.0899167 0.7671711 0.5542175 0.3101717
1341848014.202658 0.0062481 -0.5936697 1.4252394 -0.1073404 0.7469307 0.5462568 0.3635602
1341848014.470783 0.0346032 -0.5920881 1.4381573 -0.1177255 0.7274320 0.5215689 0.4300573
1341848014.738691 0.0595177 -0.5961356 1.4486395 -0.1136289 0.7104174 0.4891289 0.4931009
1341848015.006657 0.0765921 -0.5970759 1.4596803 -0.0922712 0.6872622 0.4774596 0.5396193
1341848016.689891 0.0974292 -0.6013994 1.4799368 -0.0643602 0.5474419 0.3940652 0.7354439
1341848016.818817 0.0928912 -0.6071901 1.4882390 -0.0629144 0.5519685 0.3925225 0.7330065
1341848016.950706 0.0859270 -0.6136810 1.4966424 -0.0624708 0.5521553 0.3934249 0.7324198
1341848017.050760 0.0796455 -0.6192635 1.5024366 -0.0641545 0.5559720 0.3954205 0.7283007
1341848017.790699 0.0354281 -0.6562999 1.5217242 -0.0199771 0.6324172 0.4081298 0.6580877
1341848017.958643 0.0269200 -0.6621019 1.5261778 -0.0172020 0.6415258 0.4064541 0.6503413
1341848018.601739 0.0166496 -0.6880978 1.5643423 -0.0108387 0.6810251 0.4399513 0.5852607
1341848018.833759 0.0161782 -0.7049921 1.5894442 -0.0146684 0.6951370 0.4464330 0.5632645
1341848019.096441 0.0121827 -0.7274390 1.6117884 -0.0104823 0.7071846 0.4464880 0.5481136
1341848019.362697 0.0078419 -0.7460577 1.6371429 -0.0164870 0.7271266 0.4538333 0.5148304
1341848019.666875 0.0031979 -0.7730018 1.6809080 -0.0142199 0.7490631 0.4587106 0.4777938
1341848019.966705 0.0051889 -0.7907448 1.7102704 -0.0089073 0.7632769 0.4695682 0.4436607
1341848020.302754 0.0157647 -0.8047653 1.7349812 -0.0110468 0.7883036 0.4739449 0.3922139
1341848020.602764 0.0351864 -0.8188617 1.7582328 0.0007380 0.8129536 0.4745552 0.3374955
1341848020.938790 0.0607039 -0.8340204 1.7803780 0.0056977 0.8184028 0.4913103 0.2979908
1341848021.274899 0.0903400 -0.8452224 1.7995039 0.0020033 0.8322212 0.4915244 0.2565300
1341848021.617752 0.1283015 -0.8620167 1.8205917 0.0125263 0.8559464 0.4783585 0.1958875
1341848021.978747 0.1743294 -0.8683912 1.8336786 -0.0017587 0.8652844 0.4777712 0.1517054
1341848022.387191 0.2279549 -0.8689248 1.8235834 0.0031173 0.8803720 0.4660408 0.0879849
1341848022.753725 0.2706921 -0.8719954 1.8019550 0.0112048 0.8884971 0.4578986 0.0278603
1341848023.118789 0.3078946 -0.8626084 1.7861148 -0.0069498 0.8763420 0.4776338 -0.0619868
1341848023.487092 0.3520968 -0.8391674 1.7736886 -0.0147006 0.8555551 0.4994536 -0.1354827
1341848023.854825 0.3779439 -0.8231643 1.7456824 -0.0176815 0.8504668 0.4911137 -0.1876189
1341848024.222838 0.3940575 -0.8077788 1.7065403 0.0033437 0.8400219 0.4857842 -0.2415900
1341848024.558627 0.4064080 -0.7858143 1.6775451 -0.0007295 0.8225235 0.4935808 -0.2825465
1341848025.294743 0.4741930 -0.7495482 1.6379522 0.0164027 0.7939226 0.4867105 -0.3640478
1341848025.630731 0.4981176 -0.7378533 1.6202077 0.0116219 0.7828267 0.4862484 -0.3880847
1341848025.998679 0.5177619 -0.7218418 1.6011541 0.0198025 0.7708305 0.4805826 -0.4176945
1341848026.334824 0.5381033 -0.7033972 1.5815567 0.0407486 0.7542937 0.4756733 -0.4506833
1341848026.671128 0.5579294 -0.6893729 1.5621172 0.0412906 0.7476514 0.4629527 -0.4743282
1341848027.207212 0.6194920 -0.6676802 1.5342762 0.0358266 0.7415034 0.4619313 -0.4852924
1341848027.442959 0.6509950 -0.6622775 1.5237782 0.0358368 0.7445769 0.4497791 -0.4919550
1341848027.674731 0.6797074 -0.6569209 1.5139617 0.0293997 0.7572888 0.4416367 -0.4802149
1341848027.911127 0.6979849 -0.6468489 1.4973626 0.0236288 0.7599840 0.4473092 -0.4709358
1341848028.150637 0.7109256 -0.6369756 1.4783260 0.0190405 0.7656797 0.4467964 -0.4623256
1341848028.914838 0.7524374 -0.5984249 1.4004388 0.0280428 0.7651615 0.4325056 -0.4761097
1341848029.450819 0.7821596 -0.5738160 1.3602943 0.0187752 0.7519532 0.4389583 -0.4914565
1341848029.718752 0.8083254 -0.5648426 1.3441200 -0.0214551 -0.7436744 -0.4272846 0.5137274
1341848029.954640 0.8317108 -0.5552787 1.3322933 -0.0264383 -0.7323368 -0.4212683 0.5343378
1341848030.458888 0.8646958 -0.5332187 1.3069227 -0.0262997 -0.7017149 -0.4186789 0.5758580
1341848030.726765 0.8764720 -0.5180686 1.2884611 -0.0306067 -0.6891786 -0.4078881 0.5980997
1341848030.994735 0.8897696 -0.5055215 1.2633829 -0.0390738 -0.6778963 -0.3823544 0.6266857
1341848031.230953 0.9057242 -0.4939372 1.2408222 -0.0518630 -0.6768353 -0.3651718 0.6370665
1341848031.630816 0.9227772 -0.4831289 1.2110820 -0.0495194 -0.6613034 -0.3599779 0.6562328
1341848031.898722 0.9376228 -0.4766161 1.1976132 -0.0428758 -0.6469113 -0.3444217 0.6790001
1341848032.098732 0.9530105 -0.4713248 1.1841165 -0.0416039 -0.6368851 -0.3345771 0.6933287
1341848032.402980 0.9731100 -0.4582308 1.1677500 -0.0380186 -0.6287975 -0.3295638 0.7032467
1341848032.603044 0.9852246 -0.4522282 1.1540115 -0.0351843 -0.6268119 -0.3216099 0.7088272
1341848032.838781 0.9998048 -0.4444014 1.1324989 -0.0280495 -0.6294298 -0.3152317 0.7096903
1341848033.338836 1.0060704 -0.4203687 1.0914465 -0.0323424 -0.6098878 -0.2997607 0.7328945
1341848033.774817 1.0086081 -0.4052941 1.0586523 -0.0381188 -0.5965018 -0.2872336 0.7484848
1341848034.178809 1.0161512 -0.3995746 1.0396401 -0.0252541 -0.5633957 -0.2570221 0.7847847
1341848034.386162 1.0265801 -0.3951833 1.0279994 -0.0268777 -0.5503282 -0.2379148 0.7998831
1341848034.914816 1.0561588 -0.3611727 0.9841024 -0.0331823 -0.5365641 -0.2385402 0.8087624
1341848035.422709 1.0595000 -0.3374547 0.9525462 -0.0376879 -0.5231100 -0.2303038 0.8196924
1341848035.886689 1.0514978 -0.3180208 0.9115012 -0.0518549 -0.5013197 -0.1976999 0.8407760
1341848036.154810 1.0459524 -0.3067104 0.8894824 -0.0620198 -0.4946946 -0.1859032 0.8466822
1341848036.691175 1.0315530 -0.2843812 0.8417863 -0.0480335 -0.4720893 -0.1736921 0.8629343
1341848037.530725 1.0143751 -0.2439923 0.7314241 0.0025197 -0.4645922 -0.1404163 0.8743175
1341848037.798917 0.9955839 -0.2301704 0.7092928 0.0060866 -0.4499274 -0.1427186 0.8815666
1341848038.066849 0.9803042 -0.2146578 0.6860572 -0.0131242 -0.4239690 -0.1350231 0.8954590
1341848038.409802 0.9575842 -0.1984948 0.6624160 -0.0165536 -0.3999538 -0.1331206 0.9066652
1341848038.702868 0.9407187 -0.1867809 0.6345044 -0.0056371 -0.3927443 -0.1291540 0.9105160
1341848039.742862 0.9132892 -0.1310961 0.5353460 -0.0029417 -0.3434605 -0.1069323 0.9330550
1341848040.010707 0.8915095 -0.1192537 0.5169585 0.0004736 -0.3300914 -0.0976642 0.9388829
1341848040.278950 0.8693150 -0.1066938 0.4985600 -0.0168204 -0.3063736 -0.0877729 0.9477068
1341848040.578879 0.8486295 -0.1019243 0.4745227 -0.0161219 -0.2932017 -0.0657173 0.9536530
1341848041.022638 0.8179860 -0.0961269 0.4541267 -0.0022433 -0.2304524 -0.0401833 0.9722510
1341848041.518788 0.7807671 -0.0777818 0.4416684 -0.0305132 -0.1806730 -0.0023777 0.9830669
1341848041.786711 0.7454767 -0.0759064 0.4380584 -0.0292594 -0.1536400 0.0103249 0.9876396
1341848042.018871 0.7118018 -0.0812493 0.4399750 -0.0292236 -0.1439413 0.0337865 0.9885774
1341848042.558691 0.6495063 -0.0837087 0.4426875 -0.0392433 -0.0891071 0.0627007 0.9932716
1341848043.097862 0.5948276 -0.0756648 0.4383816 -0.0443009 -0.0202171 0.1129677 0.9924046
1341848043.701979 0.5242350 -0.0894796 0.4590985 -0.0453932 0.0215122 0.1397566 0.9889109
1341848044.005919 0.4920261 -0.0989454 0.4792878 -0.0488718 0.0368374 0.1468226 0.9872678
1341848044.305742 0.4647596 -0.1097780 0.4942558 -0.0528716 0.0478902 0.1534434 0.9855791
1341848044.573760 0.4474535 -0.1131558 0.5110712 -0.0552093 0.0748153 0.1772142 0.9797702
1341848045.170759 0.3983318 -0.1279795 0.5424179 -0.0571513 0.1156544 0.2237494 0.9660714
1341848046.074722 0.3282665 -0.1627231 0.6204717 -0.0624841 0.0899692 0.1899291 0.9756681
1341848046.382309 0.3017816 -0.1664691 0.6351317 -0.0710637 0.0727867 0.1615927 0.9816006
1341848047.214887 0.2078687 -0.1475585 0.6091608 -0.0698724 0.0567804 0.1306285 0.9873348
1341848047.482648 0.1731559 -0.1454798 0.5936525 -0.0676244 0.0424979 0.1210182 0.9894319
1341848047.750845 0.1433361 -0.1451052 0.5843263 -0.0648772 0.0328641 0.1136429 0.9908563
1341848047.986771 0.1163243 -0.1479131 0.5817075 -0.0662587 0.0380441 0.1096873 0.9910253
1341848049.294747 -0.0053581 -0.1636491 0.5463812 0.0098138 0.0583252 0.0970637 0.9935192
1341848049.562799 -0.0332842 -0.1583090 0.5317650 0.0194607 0.0660010 0.1075986 0.9918103
1341848050.230806 -0.1234818 -0.1391317 0.5045180 0.0179588 0.0397888 0.0828424 0.9956061
1341848050.366746 -0.1365793 -0.1365146 0.5018521 0.0172362 0.0289697 0.0725690 0.9967936
1341848050.466655 -0.1465487 -0.1373492 0.5007404 0.0142587 0.0202289 0.0640163 0.9976419
1341848051.738793 -0.2382126 -0.1405954 0.4805616 0.0593795 -0.1102894 -0.0426884 0.9912053
1341848052.074871 -0.2321339 -0.1252423 0.4688017 0.0669454 -0.1238614 -0.0955047 0.9854215
1341848052.242872 -0.2221109 -0.1216121 0.4640745 0.0632707 -0.1137750 -0.1121888 0.9851222
1341848052.379476 -0.2115880 -0.1155508 0.4563089 0.0609904 -0.1047380 -0.1229286 0.9849867
1341848052.543277 -0.1998333 -0.1119341 0.4477690 0.0631635 -0.0975685 -0.1279779 0.9849429
1341848052.746833 -0.1826207 -0.1026852 0.4361516 0.0641824 -0.0886776 -0.1436050 0.9835622
1341848053.485736 -0.1104713 -0.0837619 0.3902824 0.0609124 -0.0103377 -0.0971843 0.9933469
1341848053.758007 -0.0892903 -0.0759792 0.3765735 0.0395240 0.0284661 -0.0533097 0.9973894
1341848054.118853 -0.0887172 -0.0756633 0.3537099 0.0368760 0.0665985 0.0234086 0.9968234
1341848054.590790 -0.1077220 -0.0748830 0.3154285 0.0239942 0.0798598 0.0464335 0.9954349
1341848054.991052 -0.1069272 -0.0731313 0.2825783 0.0358127 0.1037017 0.0800541 0.9907345
1341848055.394711 -0.1265667 -0.0501313 0.2309101 0.0547918 0.1210102 0.0995077 0.9861301
1341848055.830810 -0.1565609 -0.0305721 0.1883159 0.0505589 0.1562732 0.1176632 0.9793763
1341848056.198744 -0.2025422 -0.0258822 0.1824883 0.0584463 0.1733329 0.1365360 0.9736003
1341848057.538788 -0.4245903 -0.0224199 0.2025530 0.0005999 0.1682999 0.1578341 0.9730176
1341848058.106790 -0.5225293 -0.0311200 0.2154487 -0.0052472 0.1894992 0.1936252 0.9625860
1341848058.678730 -0.5946379 -0.0580870 0.2521873 0.0138472 0.1927099 0.1987729 0.9608124
1341848059.014660 -0.6132981 -0.0649599 0.2675504 0.0197153 0.2108777 0.2114006 0.9541759
1341848060.050701 -0.6229869 -0.0697368 0.2701021 0.0537414 0.2705473 0.2119536 0.9375456
1341848060.723165 -0.6112705 -0.0602771 0.2641016 0.0692765 0.2872415 0.1738566 0.9393971
1341848062.398825 -0.5342469 -0.0781184 0.2717491 0.0911470 0.2534523 0.1527671 0.9508504
1341848063.270800 -0.4733497 -0.0696676 0.2563452 0.0886931 0.2040046 0.1406347 0.9647474
1341848063.877902 -0.4220023 -0.0632001 0.2658740 0.0631056 0.1868446 0.1281772 0.9719452
1341848065.046751 -0.2687995 -0.0857542 0.3010874 0.0747926 0.1623008 0.1250845 0.9759192
1341848065.650809 -0.2060455 -0.0830100 0.2935226 0.0834562 0.1429911 0.1076623 0.9803048
1341848066.318695 -0.1655476 -0.0745001 0.2911308 0.0607965 0.0772408 0.0679753 0.9928328
1341848066.930221 -0.1057917 -0.0860140 0.3115066 0.0771179 0.0583183 0.0245755 0.9950115
1341848067.594659 -0.0581641 -0.0834933 0.3099956 0.0775459 0.0605228 0.0360784 0.9944959
