1341847980.722988 0.0000006 -0.0000376 0.0000592 -0.0000187 0.0000544 0.0000107 1.0000000
1341847981.426707 -0.0071397 -0.0016345 -0.0049142 0.0017066 0.0013225 0.0057506 0.9999812
1341847981.594855 -0.0144913 -0.0004473 -0.0074684 0.0030123 0.0041134 0.0052539 0.9999732
1341847984.038718 -0.2568913 0.0071232 -0.0202952 0.0094782 0.0704019 0.0354052 0.9968451
1341847984.778881 -0.3581915 0.0050040 0.0409916 -0.0082558 0.0822927 0.0376479 0.9958627
1341847984.979236 -0.3771008 -0.0067110 0.0705237 -0.0046260 0.0809355 0.0518549 0.9953588
1341847985.882782 -0.4281759 -0.0740339 0.1902909 0.0157644 0.1439710 0.0861616 0.9856977
1341847988.873917 -0.5469894 -0.1905343 0.5267208 0.0138763 0.3367802 0.1901916 0.9220703
1341847989.266651 -0.5907757 -0.2083472 0.5382943 0.0199294 0.3403594 0.1995089 0.9186699
1341847990.070686 -0.6847712 -0.2403731 0.5457885 0.0074585 0.3638075 0.1746884 0.9149166
1341847990.274709 -0.7140235 -0.2457697 0.5470229 0.0148631 0.3613173 0.1804190 0.9147010
1341847990.474644 -0.7405354 -0.2497845 0.5499347 0.0115573 0.3592923 0.1815556 0.9153213
1341847990.874745 -0.7794687 -0.2570085 0.5592727 0.0096470 0.3704614 0.2057130 0.9057304
1341847992.318683 -0.8712918 -0.3231851 0.6393494 0.0097509 0.4698830 0.2635475 0.8424118
1341847992.550596 -0.8947072 -0.3361670 0.6557281 0.0147479 0.4849380 0.2785552 0.8288695
1341847993.022736 -0.9337959 -0.3575504 0.6928802 0.0074687 0.5030750 0.2884568 0.8146487
1341847993.261799 -0.9439574 -0.3692907 0.7140486 0.0059776 0.5146990 0.2932670 0.8056324
1341847993.758693 -0.9591905 -0.3981316 0.7699114 -0.0030287 0.5367491 0.3146400 0.7828748
1341847994.433802 -0.9780587 -0.4477938 0.8294252 0.0110205 0.5757129 0.3213743 0.7517658
1341847994.637836 -0.9915553 -0.4620085 0.8534297 0.0161505 0.5837906 0.3313498 0.7410364
1341847994.831306 -1.0058093 -0.4731504 0.8763632 0.0079483 0.5944951 0.3409761 0.7281811
1341847995.502702 -1.0128959 -0.5096527 0.9370603 0.0063188 0.6333783 0.3600156 0.6849677
1341847995.734774 -1.0117095 -0.5186076 0.9593568 0.0089739 0.6309091 0.3813489 0.6756080
1341847995.938733 -1.0098442 -0.5251727 0.9721875 0.0062807 0.6370881 0.3845306 0.6679937
1341847996.874766 -1.0223440 -0.5524590 1.0287421 0.0015691 0.6857426 0.4042402 0.6052639
1341847997.078725 -1.0288239 -0.5671265 1.0519179 0.0118413 0.6894525 0.4056521 0.5999678
1341847997.546599 -1.0293522 -0.5969095 1.0983973 0.0065564 0.7067690 0.3981862 0.5847071
1341847998.518722 -0.9835034 -0.6700924 1.2115805 0.0050762 0.7171099 0.3984130 0.5718344
1341847998.750838 -0.9778836 -0.6861277 1.2447348 -0.0042362 0.7167343 0.3984385 0.5722943
1341847998.986722 -0.9730649 -0.6996843 1.2791264 -0.0067992 0.7163156 0.4090020 0.5652991
1341847999.222717 -0.9667926 -0.7087177 1.3073304 -0.0121553 0.7213047 0.4142908 0.5549187
1341847999.722697 -0.9363664 -0.7297028 1.3440913 0.0182201 0.7608477 0.4278619 0.4875581
1341847999.958786 -0.9121466 -0.7312307 1.3564540 0.0267432 0.7727047 0.4459282 0.4509549
1341848000.227063 -0.8870486 -0.7277279 1.3628118 0.0167799 0.7773080 0.4723645 0.4151896
1341848000.462696 -0.8652034 -0.7239060 1.3679111 0.0118199 0.7794423 0.4862620 0.3948156
1341848000.963197 -0.8070810 -0.7273335 1.3731560 0.0270613 0.8021264 0.4863609 0.3454185
1341848001.205951 -0.7768546 -0.7290000 1.3801411 0.0309462 0.8087882 0.4878163 0.3270156
1341848001.502686 -0.7422678 -0.7207456 1.3820517 0.0093073 0.8257729 0.4869919 0.2843440
1341848001.734859 -0.7184722 -0.7117971 1.3754463 0.0037325 0.8405706 0.4851475 0.2409546
1341848002.002731 -0.6903476 -0.7074551 1.3659773 0.0111208 0.8479471 0.4901484 0.2015359
1341848002.270763 -0.6616212 -0.7007483 1.3556194 0.0120726 0.8512425 0.4960320 0.1708587
1341848002.806780 -0.6131034 -0.6725484 1.3502511 -0.0048452 0.8441729 0.5201462 0.1296017
1341848003.278886 -0.5629706 -0.6613234 1.3505197 -0.0174430 0.8491373 0.5058624 0.1508799
1341848003.442728 -0.5442185 -0.6559216 1.3526468 -0.0283725 0.8504872 0.4982405 0.1662014
1341848003.685816 -0.5184028 -0.6498231 1.3516089 -0.0299678 0.8448623 0.4921509 0.2075981
1341848004.121698 -0.4770488 -0.6307679 1.3360829 -0.0359028 0.8335716 0.4870470 0.2581756
1341848004.289843 -0.4603041 -0.6218444 1.3309556 -0.0385730 0.8278434 0.4855261 0.2783019
1341848004.457752 -0.4434844 -0.6115079 1.3273160 -0.0490269 0.8162281 0.4846831 0.3105646
1341848004.625757 -0.4287570 -0.6022141 1.3265500 -0.0569231 0.8030702 0.4907865 0.3331163
1341848005.965681 -0.3711934 -0.5874534 1.3483329 -0.0656342 0.7416537 0.4768701 0.4671581
1341848006.197589 -0.3612062 -0.5931734 1.3529190 -0.0523856 0.7379442 0.4616378 0.4894738
1341848006.433710 -0.3517522 -0.5952535 1.3603723 -0.0420586 0.7315718 0.4490040 0.5113015
1341848007.466689 -0.3167922 -0.6452381 1.4191929 -0.0149739 0.7556673 0.4566740 0.4692458
1341848007.702797 -0.3073392 -0.6604238 1.4340582 -0.0108694 0.7608841 0.4713507 0.4458316
1341848008.406662 -0.2602859 -0.6905967 1.4750879 -0.0015909 0.7868059 0.5085392 0.3497454
1341848008.674639 -0.2422702 -0.7044425 1.4875833 0.0107333 0.7923459 0.5207368 0.3176568
1341848009.342882 -0.1994579 -0.7181746 1.5158539 0.0007968 0.8135391 0.5352679 0.2272484
1341848009.610955 -0.1785260 -0.7162675 1.5261775 -0.0041275 0.8158060 0.5420588 0.2015336
1341848009.846800 -0.1532091 -0.7143864 1.5288806 -0.0064682 0.8189148 0.5372624 0.2017075
1341848010.082650 -0.1310583 -0.7056487 1.5238457 -0.0075288 0.8186473 0.5371278 0.2031101
1341848011.018704 -0.0878853 -0.6718134 1.4505153 0.0019497 0.8180548 0.5608328 0.1274721
1341848011.254693 -0.0834613 -0.6679421 1.4426230 0.0011045 0.8185414 0.5639309 0.1094109
1341848011.486754 -0.0784229 -0.6626877 1.4368325 0.0037959 0.8232367 0.5619704 0.0803511
1341848011.958828 -0.0763433 -0.6439806 1.4183095 0.0098640 0.8170720 0.5755919 0.0314644
1341848012.190967 -0.0764579 -0.6289468 1.4047018 0.0015185 0.8139495 0.5802963 0.0272045
1341848012.426830 -0.0757841 -0.6115926 1.3858076 -0.0154766 0.8052901 0.5909314 0.0454800
1341848013.162759 -0.0529026 -0.5784076 1.3532691 -0.0709799 0.7954876 0.5817155 0.1541697
1341848013.366705 -0.0482844 -0.5740352 1.3568566 -0.0715397 0.7873376 0.5805691 0.1947331
1341848013.634812 -0.0339691 -0.5723519 1.3651557 -0.0866395 0.7708709 0.5774509 0.2545625
1341848013.866791 -0.0220236 -0.5747066 1.3685057 -0.0922110 0.7662230 0.5587136 0.3037080
1341848014.102686 -0.0097590 -0.5715019 1.3749223 -0.1026115 0.7544299 0.5464377 0.3488728
1341848014.338694 0.0142736 -0.5691217 1.3850023 -0.1170128 0.7376682 0.5339878 0.3962458
1341848014.570790 0.0368434 -0.5698432 1.3954384 -0.1250418 0.7182851 0.5051101 0.4618385
1341848014.774750 0.0569190 -0.5760955 1.4082689 -0.1199979 0.7094989 0.4834649 0.4984711
1341848015.274780 0.0862210 -0.5687754 1.4209777 -0.1338363 0.6504751 0.4737231 0.5784084
1341848015.442783 0.0927239 -0.5657417 1.4217156 -0.1258875 0.6212180 0.4666435 0.6168340
1341848016.882757 0.0831193 -0.5897489 1.4473132 -0.0727126 0.5505126 0.3942534 0.7322657
1341848017.086845 0.0722677 -0.5998946 1.4580694 -0.0760289 0.5549060 0.3988574 0.7260935
1341848017.186855 0.0664644 -0.6051208 1.4628576 -0.0744383 0.5666224 0.4037390 0.7144178
1341848017.587838 0.0382963 -0.6261803 1.4732155 -0.0457696 0.6139163 0.4094737 0.6733077
1341848017.754780 0.0310078 -0.6322162 1.4757071 -0.0321002 0.6293643 0.4104754 0.6590753
1341848018.367205 0.0155362 -0.6525781 1.4958915 -0.0286014 0.6650259 0.4238381 0.6142343
1341848018.565849 0.0115655 -0.6624877 1.5139048 -0.0181008 0.6778311 0.4399014 0.5888159
1341848019.069833 0.0080363 -0.6992545 1.5604186 -0.0172535 0.7043490 0.4461469 0.5518585
1341848019.330680 0.0047444 -0.7172849 1.5833733 -0.0247139 0.7227001 0.4546621 0.5199772
1341848019.598737 -0.0008596 -0.7401178 1.6175480 -0.0217852 0.7433463 0.4583390 0.4867104
1341848019.866778 -0.0014812 -0.7578235 1.6492596 -0.0217475 0.7564483 0.4635771 0.4608787
1341848020.134758 0.0019710 -0.7684654 1.6685337 -0.0152265 0.7734141 0.4738254 0.4208186
1341848020.402809 0.0144262 -0.7799638 1.6870259 -0.0142495 0.7947229 0.4747892 0.3778726
1341848020.706669 0.0327724 -0.7930174 1.7106432 -0.0036735 0.8141841 0.4798624 0.3268375
1341848021.039636 0.0574958 -0.8084685 1.7309235 -0.0010492 0.8209258 0.4907515 0.2919634
1341848021.343359 0.0857650 -0.8137629 1.7457392 -0.0028943 0.8359811 0.4882308 0.2505151
1341848021.643147 0.1177189 -0.8298407 1.7664931 0.0004957 0.8566151 0.4762506 0.1984832
1341848021.946714 0.1526164 -0.8348445 1.7766230 -0.0066966 0.8628774 0.4786320 0.1622009
1341848022.278764 0.1967665 -0.8367435 1.7736716 -0.0103635 0.8766374 0.4670943 0.1149886
1341848022.586067 0.2299889 -0.8389933 1.7582695 0.0039675 0.8869457 0.4569403 0.0672095
1341848022.882710 0.2584221 -0.8399772 1.7480547 0.0034348 0.8860651 0.4633822 0.0123991
1341848023.218702 0.2979317 -0.8291355 1.7312436 -0.0079863 0.8734840 0.4800247 -0.0808593
1341848023.586796 0.3365795 -0.8053078 1.7150915 -0.0234299 0.8546240 0.4989379 -0.1418794
1341848023.954826 0.3572227 -0.7887155 1.6832163 -0.0228338 0.8511364 0.4873184 -0.1938202
1341848024.290769 0.3707283 -0.7700133 1.6509994 0.0024657 0.8404765 0.4845280 -0.2425405
1341848024.658717 0.3858314 -0.7487893 1.6251020 -0.0053187 0.8214584 0.4934143 -0.2858672
1341848025.026872 0.4191023 -0.7298876 1.6069506 0.0106316 0.8087498 0.4876964 -0.3285771
1341848025.630731 0.4690695 -0.7064352 1.5785160 0.0104836 0.7893976 0.4828529 -0.3789388
1341848025.934824 0.4839188 -0.6934890 1.5631138 0.0160798 0.7800052 0.4788622 -0.4025226
1341848026.770813 0.5348035 -0.6563125 1.5198538 0.0393982 0.7556041 0.4588678 -0.4657795
1341848027.038669 0.5643264 -0.6443019 1.5056505 0.0355823 0.7518637 0.4641777 -0.4668769
1341848027.238696 0.5899663 -0.6386001 1.4984531 0.0364741 0.7502587 0.4569813 -0.4763923
1341848027.442959 0.6164516 -0.6351197 1.4901904 0.0374168 0.7538520 0.4465061 -0.4805616
1341848027.711026 0.6460912 -0.6290309 1.4790335 0.0312449 0.7661481 0.4390592 -0.4682605
1341848027.942732 0.6638968 -0.6193269 1.4640725 0.0235715 0.7693348 0.4458480 -0.4569331
1341848028.186050 0.6758272 -0.6109153 1.4415491 0.0200359 0.7745366 0.4427180 -0.4513230
1341848029.286969 0.7348617 -0.5611588 1.3471650 0.0227149 0.7675197 0.4382547 -0.4672585
1341848029.518925 0.7522218 -0.5517144 1.3325546 0.0201384 0.7609807 0.4335227 -0.4822456
1341848029.786949 0.7788767 -0.5426383 1.3178612 -0.0257100 -0.7525386 -0.4207075 0.5059940
1341848030.526716 0.8304814 -0.5126369 1.2822434 -0.0297895 -0.7099484 -0.4165220 0.5670938
1341848030.758759 0.8396606 -0.5002446 1.2660331 -0.0355961 -0.6998807 -0.4029435 0.5886734
1341848031.194685 0.8669330 -0.4826595 1.2250096 -0.0562369 -0.6895133 -0.3648422 0.6231365
1341848031.430611 0.8776463 -0.4740482 1.2063988 -0.0599454 -0.6843979 -0.3619614 0.6300714
1341848031.866735 0.8999114 -0.4664835 1.1843483 -0.0512923 -0.6624613 -0.3450177 0.6629305
1341848032.066718 0.9142431 -0.4616286 1.1724137 -0.0473739 -0.6512697 -0.3353069 0.6790970
1341848032.770741 0.9589524 -0.4388792 1.1276097 -0.0368288 -0.6415505 -0.3159965 0.6979991
1341848033.006687 0.9661000 -0.4289304 1.1078994 -0.0372448 -0.6390690 -0.3137729 0.7012491
1341848033.238728 0.9676330 -0.4194869 1.0892138 -0.0394649 -0.6297677 -0.3022051 0.7144979
1341848033.742797 0.9723285 -0.4020289 1.0523450 -0.0481009 -0.6107389 -0.2883531 0.7358918
1341848034.278739 0.9860197 -0.3934280 1.0267723 -0.0354527 -0.5700323 -0.2475358 0.7826445
1341848034.521747 0.9995930 -0.3870596 1.0102876 -0.0349696 -0.5605871 -0.2354140 0.7931579
1341848035.014942 1.0247632 -0.3546619 0.9735063 -0.0432818 -0.5453668 -0.2393631 0.8021266
1341848035.284261 1.0263741 -0.3419326 0.9566252 -0.0454141 -0.5376893 -0.2392576 0.8072073
1341848035.550852 1.0239084 -0.3316745 0.9334568 -0.0510542 -0.5341450 -0.2207697 0.8144589
1341848036.122737 1.0183046 -0.3111191 0.8867761 -0.0707260 -0.5098858 -0.1878376 0.8364995
1341848036.626802 1.0060074 -0.2891747 0.8442619 -0.0603246 -0.4867614 -0.1804784 0.8525560
1341848037.194724 0.9958708 -0.2620691 0.7716259 -0.0272935 -0.4701826 -0.1414039 0.8707401
1341848037.462765 0.9917600 -0.2506983 0.7370743 -0.0080440 -0.4769354 -0.1382041 0.8679675
1341848037.998629 0.9624950 -0.2216259 0.6882675 -0.0159980 -0.4432602 -0.1348504 0.8860473
1341848038.542164 0.9291543 -0.2007382 0.6486046 -0.0208073 -0.4074990 -0.1287540 0.9038440
1341848038.838770 0.9179256 -0.1869760 0.6162926 -0.0115675 -0.4024593 -0.1262754 0.9066131
1341848039.438853 0.9131365 -0.1529848 0.5550120 -0.0158213 -0.3690274 -0.1032387 0.9235314
1341848039.742862 0.9001629 -0.1394338 0.5330148 -0.0106344 -0.3556453 -0.1068530 0.9284319
1341848040.310719 0.8562346 -0.1155751 0.4922226 -0.0239927 -0.3163726 -0.0853418 0.9444837
1341848040.614917 0.8343567 -0.1116074 0.4693463 -0.0251847 -0.3026646 -0.0645331 0.9505763
1341848041.189954 0.7988173 -0.0983162 0.4426386 -0.0232742 -0.2232236 -0.0179654 0.9743237
1341848041.482801 0.7765398 -0.0875527 0.4343924 -0.0370505 -0.1959138 -0.0056813 0.9799045
1341848042.018871 0.7064893 -0.0894215 0.4335912 -0.0375384 -0.1551760 0.0332462 0.9866134
1341848042.290694 0.6776398 -0.0952122 0.4319256 -0.0396624 -0.1312508 0.0400359 0.9897460
1341848042.829708 0.6172647 -0.0880003 0.4312334 -0.0500265 -0.0622051 0.0902971 0.9927106
1341848043.097862 0.5922524 -0.0842412 0.4286089 -0.0536533 -0.0300939 0.1107743 0.9919399
1341848044.305742 0.4639147 -0.1160080 0.4815028 -0.0626737 0.0385194 0.1512871 0.9857487
1341848044.573760 0.4463117 -0.1204017 0.4971836 -0.0664293 0.0663561 0.1753733 0.9800144
1341848045.138762 0.3974889 -0.1320437 0.5217929 -0.0667954 0.1099296 0.2202280 0.9669299
1341848045.406703 0.3762104 -0.1430827 0.5407821 -0.0697677 0.1194043 0.2170602 0.9663125
1341848045.674943 0.3571820 -0.1544092 0.5669677 -0.0746798 0.1123661 0.2109648 0.9681377
1341848045.942758 0.3354789 -0.1648874 0.5939565 -0.0755567 0.0988485 0.1989093 0.9720881
1341848046.746888 0.2591542 -0.1614319 0.6133860 -0.0767651 0.0543194 0.1401022 0.9856611
1341848047.250668 0.2025810 -0.1456176 0.5899037 -0.0754118 0.0502485 0.1293152 0.9874542
1341848047.518733 0.1706294 -0.1424672 0.5747787 -0.0711214 0.0333844 0.1192210 0.9897543
1341848047.786695 0.1402788 -0.1448013 0.5657477 -0.0702255 0.0279702 0.1120219 0.9908265
1341848048.354699 0.0782873 -0.1508985 0.5590699 -0.0619825 0.0508446 0.1133881 0.9903111
1341848049.090709 0.0127404 -0.1600996 0.5387541 -0.0012993 0.0614613 0.1028289 0.9927976
1341848049.594759 -0.0377960 -0.1558536 0.5154167 0.0164915 0.0667302 0.1077701 0.9917967
1341848050.062661 -0.0957743 -0.1423437 0.4903555 0.0151172 0.0440629 0.0939786 0.9944838
1341848051.238747 -0.2124518 -0.1368613 0.4736051 0.0247044 -0.0532205 0.0160225 0.9981486
1341848052.042751 -0.2266544 -0.1248270 0.4552999 0.0637149 -0.1282697 -0.0932401 0.9852886
1341848052.311125 -0.2090714 -0.1161360 0.4438218 0.0572205 -0.1116853 -0.1189295 0.9849406
1341848052.646710 -0.1841770 -0.1072047 0.4276374 0.0612230 -0.0942278 -0.1419709 0.9834720
1341848053.014784 -0.1481967 -0.0962244 0.4017696 0.0562692 -0.0660670 -0.1439706 0.9857695
1341848053.421775 -0.1116074 -0.0887270 0.3788765 0.0595398 -0.0186242 -0.1081079 0.9921798
1341848053.925729 -0.0805685 -0.0797354 0.3574212 0.0310623 0.0545912 -0.0233418 0.9977525
1341848054.554861 -0.1009351 -0.0769134 0.3075423 0.0184315 0.0762552 0.0429095 0.9959941
1341848054.890895 -0.0983938 -0.0737772 0.2799465 0.0292641 0.0938130 0.0685913 0.9927930
1341848055.226768 -0.1089758 -0.0612970 0.2461783 0.0511722 0.1153372 0.0950057 0.9874476
1341848055.962765 -0.1596948 -0.0287165 0.1757315 0.0553953 0.1645749 0.1263892 0.9766638
1341848056.466830 -0.2428666 -0.0165636 0.1763545 0.0505977 0.1562327 0.1551457 0.9741463
1341848058.075970 -0.4950165 -0.0258267 0.1985064 -0.0055001 0.1859263 0.1932567 0.9633551
1341848058.778710 -0.5805825 -0.0520939 0.2353754 0.0162410 0.1947601 0.1954717 0.9610388
1341848059.382694 -0.5916764 -0.0662014 0.2529129 0.0253633 0.2371731 0.2167073 0.9466486
1341848060.522925 -0.5930163 -0.0607506 0.2478311 0.0630012 0.2754332 0.1802784 0.9421609
1341848061.062246 -0.5701200 -0.0616700 0.2426615 0.0802556 0.2577727 0.1731410 0.9471718
1341848061.658831 -0.5301452 -0.0725978 0.2362497 0.1053755 0.2634096 0.1731031 0.9431579
1341848063.370653 -0.4432634 -0.0651618 0.2363730 0.0831574 0.1936594 0.1339952 0.9683110
1341848063.977856 -0.3924116 -0.0658875 0.2599779 0.0659534 0.1814845 0.1226650 0.9734818
1341848065.246768 -0.2351793 -0.0804193 0.2869426 0.0750801 0.1492840 0.1236671 0.9781532
1341848065.918698 -0.1809189 -0.0729632 0.2786774 0.0767630 0.1120763 0.0893092 0.9866966
1341848066.697724 -0.1195685 -0.0800847 0.2924566 0.0701846 0.0585201 0.0432661 0.9948757
1341848067.390706 -0.0643334 -0.0860008 0.3015539 0.0793182 0.0498776 0.0270172 0.9952341
