1305031231.625704 0.0000000 0.0000000 0.0000000 0.0000000 0.0000000 0.0000000 1.0000000
1305031231.665045 0.0006031 0.0002119 -0.0016263 0.0008262 0.0187058 -0.0024188 0.9998218
1305031232.025790 0.0227522 -0.0000568 -0.0189503 -0.0001089 0.2732040 -0.0474378 0.9607857
1305031232.293855 0.0273203 0.0023316 -0.0392135 0.0065385 0.4127987 -0.0644139 0.9085182
1305031236.061630 0.0216555 0.0515724 0.0345301 -0.1644841 0.2081727 0.0612831 0.9622128
1305031236.129660 0.0243500 0.0517273 0.0370002 -0.1808447 0.2080540 0.0639693 0.9591229
1305031236.193597 0.0221975 0.0523341 0.0375636 -0.1926760 0.2123355 0.0687002 0.9555469
1305031236.393685 0.0288128 0.0318587 0.0387700 -0.1729202 0.2129646 0.0635478 0.9595344
1305031238.861826 -0.0125850 0.0326158 -0.0037242 -0.0993769 0.1953534 -0.0126772 0.9756027
1305031238.993704 -0.0113411 0.0335842 -0.0023929 -0.1249811 0.1945612 -0.0074782 0.9728668
1305031239.393718 -0.0130456 0.0157092 -0.0008502 -0.0919354 0.1969533 -0.0126355 0.9760111
1305031240.293646 -0.0291654 0.0099787 -0.0444409 0.3363746 0.1799593 -0.1012305 0.9188140
1305031240.393695 -0.0293645 0.0096266 -0.0446683 0.3781517 0.1799866 -0.1089715 0.9015161
1305031240.429707 -0.0293264 0.0095421 -0.0447869 0.3874821 0.1783893 -0.1109869 0.8976173
1305031240.631058 -0.0295573 0.0092047 -0.0453124 0.3914795 0.1761138 -0.1116098 0.8962539
1305031240.729633 -0.0297492 0.0091797 -0.0453742 0.3654697 0.1789001 -0.1075644 0.9071144
1305031240.793590 -0.0296351 0.0091240 -0.0453461 0.3483268 0.1825607 -0.1063095 0.9132570
1305031240.993643 -0.0298476 0.0087981 -0.0455382 0.2484395 0.2018935 -0.0933534 0.9427630
1305031244.929681 0.0087822 0.0797331 0.0079137 0.2800755 0.1548685 0.3947907 0.8612280
1305031248.661660 -0.0721104 0.0649817 -0.0475018 0.2665891 0.2015538 0.0022279 0.9424974
1305031248.997614 -0.0374040 0.0883416 -0.0462035 0.3355319 0.2345614 0.1567793 0.8987878
1305031249.662284 -0.0435652 0.0815442 -0.0424563 0.2723649 0.2536792 -0.0021442 0.9281485
1305031250.030025 -0.0588586 0.0465276 -0.0441232 0.1157162 0.4022565 -0.2461129 0.8742013
1305031250.197617 -0.0670982 0.0446284 -0.0239934 0.0587226 0.3837390 -0.3743156 0.8421305
1305031251.097685 -0.0745868 0.0514757 0.0263464 -0.0799068 0.2984474 -0.6207942 0.7205266
1305031251.297722 -0.0838923 0.0336002 0.0060623 0.0031190 0.2925486 -0.4879682 0.8223701
1305031251.497761 -0.0716319 0.0255948 -0.0177090 0.0914441 0.2733786 -0.3113252 0.9055268
1305031251.897873 -0.0643721 0.0304391 -0.0366970 0.2336893 0.1321978 0.0312896 0.9627741
1305031252.761680 -0.0172529 0.0687266 -0.0016758 0.2977318 0.1244775 0.2782397 0.9046788
1305031253.065901 -0.0509237 0.0590869 -0.0102827 0.2182699 0.2329057 0.0443425 0.9466504
