1305031235.193605 0.0000000 0.0000000 0.0000000 0.0000000 0.0000000 0.0000000 1.0000000
1305031235.261629 0.0000506 0.0026477 0.0012228 -0.0256837 -0.0002622 0.0006562 0.9996698
1305031235.393686 0.0005438 0.0083846 0.0017329 -0.0892773 0.0041133 0.0014914 0.9959972
1305031235.961704 -0.0038756 0.0355126 0.0103362 -0.3951254 0.0035340 0.0485082 0.9173387
1305031236.029652 -0.0043219 0.0361928 0.0109149 -0.4192434 0.0048529 0.0501061 0.9064772
1305031236.261669 -0.0036838 0.0343237 0.0163927 -0.4680013 0.0133182 0.0511770 0.8821442
1305031236.361588 -0.0032780 0.0332989 0.0172215 -0.4457053 0.0155255 0.0523891 0.8935106
1305031236.461654 -0.0023523 0.0318878 0.0158349 -0.4060107 0.0149203 0.0531934 0.9121969
1305031238.861826 -0.0110735 0.0127548 -0.0127505 -0.3539094 -0.0247779 0.0019383 0.9349495
1305031238.961656 -0.0104086 0.0129910 -0.0114041 -0.3744575 -0.0266391 0.0037361 0.9268538
1305031239.329705 -0.0098633 0.0086996 -0.0078778 -0.3622363 -0.0243158 0.0031779 0.9317636
1305031240.693800 -0.0077800 -0.0268417 -0.0340583 0.1272004 -0.0105201 0.0078987 0.9917898
1305031240.829620 -0.0081839 -0.0232185 -0.0307841 0.0812692 -0.0096158 0.0000048 0.9966458
1305031241.429669 -0.0125700 0.0138633 -0.0189858 -0.2569039 -0.0071339 0.0347741 0.9657848
1305031248.061746 -0.0516143 0.0025667 -0.0397015 -0.1049630 -0.0921220 -0.3001975 0.9435983
1305031248.761715 -0.0302217 0.0055522 -0.0611218 0.0099307 0.0359259 0.1498454 0.9880066
1305031249.697653 -0.0204030 0.0099334 -0.0556154 -0.0224544 0.0742481 0.0393035 0.9962119
1305031250.930120 -0.0527635 0.0139319 -0.0242545 -0.1731600 -0.0229614 -0.6517002 0.7380889
1305031251.129731 -0.0519984 0.0071725 -0.0260092 -0.1582935 -0.0340316 -0.5948029 0.7873973
1305031251.529827 -0.0387926 -0.0121848 -0.0324440 -0.1037220 0.0092162 -0.2323392 0.9670446
1305031251.761755 -0.0397088 -0.0097495 -0.0350087 -0.0714499 0.0003172 -0.0017312 0.9974427
1305031252.429672 -0.0139245 0.0190559 -0.0425738 -0.0306902 0.0221100 0.4601928 0.8870129
1305031252.629839 -0.0144950 0.0207766 -0.0390541 -0.0320645 0.0053740 0.4844490 0.8742152
1305031252.797683 -0.0193622 0.0161414 -0.0388030 -0.0252271 0.0499064 0.3316857 0.9417312
1305031253.097947 -0.0310980 0.0091877 -0.0336056 -0.0713302 0.0546526 0.0837661 0.9924255
1305031253.265536 -0.0432639 0.0084805 -0.0337442 -0.0810900 0.0144943 0.0117507 0.9965321
