1305031241.461678 0.0000000 0.0000000 0.0000000 0.0000000 0.0000000 0.0000000 1.0000000
1305031241.529758 0.0001140 0.0008473 0.0006297 -0.0014787 0.0063930 -0.0097186 0.9999312
1305031241.561686 0.0001789 0.0006934 0.0004267 0.0008555 0.0091542 -0.0125415 0.9998791
1305031242.561569 0.0023244 -0.0004795 0.0012340 0.0179982 0.0281222 -0.4194015 0.9071866
1305031244.129662 0.0016520 0.0001848 0.0013071 0.1851013 -0.0132065 -0.0360591 0.9819689
1305031244.429740 -0.0018790 -0.0009767 -0.0022170 0.1817824 0.0153173 0.1976349 0.9631516
1305031245.061797 -0.0034291 -0.0033405 -0.0048786 0.1760524 0.0028269 0.4622276 0.8691048
1305031245.261749 -0.0009040 -0.0023409 -0.0041145 0.1922565 -0.0279069 0.3579972 0.9132890
1305031245.361797 -0.0004150 -0.0021632 -0.0027049 0.2009209 -0.0171588 0.2608570 0.9440816
1305031248.197746 0.0063009 -0.0008885 -0.0014400 0.2068876 -0.0378267 -0.2452887 0.9463615
1305031248.629727 0.0050313 -0.0000814 -0.0032451 0.2536463 -0.0233337 0.0322933 0.9664762
1305031249.097689 -0.0002877 -0.0002291 -0.0069484 0.2761467 0.0544599 0.2610834 0.9233702
1305031249.829797 0.0028766 0.0002331 -0.0048448 0.2033549 0.1097317 -0.0942117 0.9683645
1305031249.962232 0.0036806 0.0002118 -0.0036809 0.1834632 0.1752318 -0.1860783 0.9492155
1305031251.797678 0.0058045 0.0003266 0.0001443 0.2181666 -0.0487341 -0.0100048 0.9746426
1305031251.998343 0.0037139 0.0005725 -0.0010737 0.2429703 -0.1141107 0.1343950 0.9538774
1305031252.761680 0.0000710 -0.0022077 -0.0036090 0.2156361 -0.0534417 0.3366429 0.9150501
1305031252.897597 0.0023960 -0.0014300 -0.0036633 0.2098173 -0.0137056 0.2365218 0.9486023
1305031253.565670 0.0044376 -0.0014211 -0.0003764 0.2142392 -0.0338587 -0.0065935 0.9761720
