1305031230.029991 0.0000000 0.0000000 0.0000000 0.0000000 0.0000000 0.0000000 1.0000000
1305031230.566084 -0.0605979 0.0043353 -0.0039612 -0.0137917 -0.2800177 0.0342322 0.9592851
1305031230.626028 -0.0616344 0.0055103 -0.0000478 -0.0187572 -0.3346130 0.0390875 0.9413578
1305031230.797303 -0.0616913 0.0069097 0.0087735 -0.0289970 -0.4367614 0.0495015 0.8977462
1305031230.925860 -0.0628981 0.0098617 0.0121413 -0.0254107 -0.5168434 0.0619132 0.8534600
1305031231.025653 -0.0594166 0.0088280 0.0162857 -0.0244178 -0.5395060 0.0606756 0.8394376
1305031231.197747 -0.0538200 0.0012251 0.0152204 -0.0277257 -0.5264642 0.0478604 0.8483962
1305031231.265594 -0.0427037 -0.0117274 0.0112930 -0.0322532 -0.4931086 0.0287415 0.8688945
1305031231.365066 -0.0414119 -0.0150051 0.0073336 -0.0309724 -0.4069110 0.0158729 0.9128046
1305031231.625704 -0.0358530 -0.0258387 -0.0117479 -0.0362327 -0.2364849 -0.0098173 0.9709097
1305031231.725886 -0.0328653 -0.0265802 -0.0225857 -0.0304557 -0.1754814 -0.0282268 0.9836066
1305031231.825686 -0.0325967 -0.0261298 -0.0221983 -0.0252396 -0.0970121 -0.0526016 0.9935717
1305031233.461836 -0.0230144 0.0117125 0.0134621 -0.0324829 0.0548870 -0.0027996 0.9979602
1305031233.561785 -0.0340641 0.0172058 0.0186347 -0.0307789 0.0124371 -0.0019372 0.9994470
1305031235.993673 0.0055177 0.0542082 0.0760555 -0.1949962 -0.0630474 0.0295817 0.9783284
1305031236.161670 0.0057448 0.0503861 0.0824494 -0.2492300 -0.0597172 0.0314904 0.9660883
1305031236.229721 0.0061451 0.0478318 0.0861170 -0.2628751 -0.0561512 0.0317945 0.9626697
1305031236.393685 0.0067546 0.0439581 0.0858452 -0.2232824 -0.0543287 0.0322022 0.9727057
1305031237.329672 0.0117129 -0.0260089 -0.0222765 0.2272863 -0.0488254 0.0037614 0.9725959
1305031238.793691 -0.0043228 0.0384301 0.0195343 -0.1081824 -0.0793614 -0.0212548 0.9907303
1305031238.993704 -0.0030144 0.0336673 0.0252952 -0.1631292 -0.0812959 -0.0209742 0.9830259
1305031239.129738 -0.0029140 0.0280480 0.0294424 -0.1815988 -0.0797723 -0.0234732 0.9798506
1305031240.661629 0.0039246 -0.0188054 -0.0423760 0.3544838 -0.0682556 0.0158211 0.9324334
1305031240.793590 0.0012668 0.0024120 -0.0274176 0.3237080 -0.0665369 0.0101072 0.9437605
1305031240.929673 0.0039320 0.0206567 -0.0060289 0.2680357 -0.0625527 -0.0020427 0.9613739
1305031245.061797 0.0161571 0.0921530 0.0394635 0.1259500 -0.0751341 0.4846000 0.8623539
1305031248.297645 -0.0424662 0.0513818 -0.0469174 0.1839952 -0.0699160 -0.1254622 0.9723768
1305031249.229768 -0.0068917 0.0928935 -0.0420617 0.2190726 -0.0136993 0.3094469 0.9252362
1305031249.561863 -0.0097478 0.0841973 -0.0380550 0.2319820 -0.0129984 0.1808127 0.9556789
1305031249.697653 -0.0150565 0.0779632 -0.0434176 0.2062308 0.0069077 0.0571293 0.9768098
1305031250.229670 -0.0459918 0.0425672 -0.0277409 0.1066087 0.1228229 -0.3507248 0.9222479
1305031250.529700 -0.0555059 0.0371079 -0.0275265 0.0674630 0.1043724 -0.5463590 0.8282796
1305031252.597647 -0.0022924 0.0752077 -0.0161562 0.1348004 -0.1538984 0.4796120 0.8532974
1305031252.929687 -0.0196275 0.0651395 -0.0170518 0.1654672 -0.0507159 0.2428808 0.9544933
1305031253.097947 -0.0345208 0.0539005 -0.0169526 0.1522274 -0.0238372 0.0937355 0.9836017
1305031253.329972 -0.0454630 0.0403247 -0.0117280 0.1450711 -0.0643170 0.0214053 0.9870965
